10	2	
0.674844	1.2892	947.128	0.0311845	0.170438	
12.2061	1.63527	772.557	0.148019	0.192552	
2.58113	0.570462	1192.89	0.053239	0.115257	
1.26476	1.34816	773.326	0.0481772	0.169053	
14.3647	0.105706	1613.78	0.106236	0.0544643	
0.441284	1.22775	862.501	0.026681	0.162958	
2.52385	1.45001	1095.12	0.0553065	0.188532	
17.0093	2.71703	988.888	0.150664	0.270944	
1.76872	2.10544	733.403	0.058829	0.215623	
31.2068	2.80579	693.676	0.247325	0.258575	
10.0957	0.322016	1137.88	0.107627	0.0859191	
3.87658	0.807695	1306.08	0.0620207	0.142653	
7.90077	1.22084	925.569	0.107544	0.166932	
4.9249	0.750375	1216.18	0.0726491	0.135453	
18.0912	0.257737	1334.24	0.131475	0.081345	
7.14465	0.415036	1266.41	0.0854453	0.100057	
13.4985	1.38459	954.507	0.137768	0.186218	
5.34351	0.940188	1154.56	0.0779302	0.150812	
9.26808	1.59484	895.055	0.11861	0.194519	
11.3727	0.501319	1092.3	0.11683	0.107729	
6.39979	0.934665	885.937	0.099423	0.142623	
25.4794	0.939549	987.588	0.183618	0.149727	
6.04412	1.10666	1274.77	0.0784158	0.169401	
31.7024	0.975118	915.121	0.21298	0.153807	
11.3029	1.60122	793.778	0.140308	0.190984	
1.93698	2.45219	683.975	0.0642069	0.232474	
23.6467	1.08942	1488.31	0.141642	0.182407	
13.1606	2.61299	462.124	0.203895	0.220617	
10.2735	2.76096	697.42	0.144593	0.254677	
72.5667	0.330854	1186.73	0.273016	0.0959315	
0.869935	1.57609	771.279	0.0400599	0.184139	
24.6364	2.72449	872.407	0.193992	0.266916	
3.27755	1.04038	1072.68	0.0637257	0.156235	
22.284	3.37313	311.266	0.313124	0.265293	
34.3319	0.502225	1045.86	0.205195	0.110739	
32.7022	2.17068	828.715	0.228681	0.233185	
1.9318	0.459069	1331.19	0.0433595	0.105315	
13.6825	1.49061	944.617	0.139603	0.194243	
23.7405	1.58236	840.402	0.194706	0.196733	
12.7969	0.673244	1306.25	0.112147	0.132076	
15.3712	0.486812	1106.37	0.13453	0.107065	
7.29266	0.777864	1229.65	0.0877577	0.13851	
24.5777	2.51362	434.553	0.282146	0.199902	
26.9597	0.882796	821.205	0.209691	0.139961	
1.66865	1.13648	844.264	0.0524512	0.156286	
1.07789	0.701316	1272.16	0.0332285	0.130035	
29.4194	0.770865	1162.05	0.179739	0.141003	
36.1745	1.5607	938.615	0.223622	0.199612	
1.47855	0.545943	1192.84	0.0403184	0.112209	
2.24872	1.69452	681.878	0.0692003	0.188313	
30.0605	0.660344	1085.77	0.18854	0.127685	
6.81197	1.94788	764.964	0.111861	0.210763	
4.44733	0.243295	1279.81	0.0671087	0.0756043	
34.6081	0.470704	1307.52	0.182456	0.11372	
4.98885	1.94637	615.825	0.108904	0.201428	
10.6358	2.36613	646.148	0.153632	0.229593	
4.71052	2.07862	753.551	0.0941172	0.216301	
48.4641	1.38424	722.651	0.296568	0.181161	
8.03446	0.701921	1145.79	0.0957771	0.128903	
16.2406	0.459368	1265.68	0.128294	0.107565	
3.60295	2.32641	838.469	0.0773113	0.235633	
12.9534	0.478854	1039.77	0.128106	0.104037	
18.5702	1.46654	882.461	0.167909	0.186038	
17.3727	2.27831	491.687	0.225545	0.211927	
3.82493	0.951743	1035.74	0.0702242	0.147858	
0.068456	1.26566	1125.33	0.00902142	0.173468	
2.22652	3.40967	426.464	0.0897281	0.251115	
17.1651	0.899954	964.691	0.153599	0.144232	
2.61823	1.58417	788.09	0.0684439	0.186277	
1.65212	1.48992	973.222	0.0479661	0.186477	
76.4348	8.42369	2639.93	0.189967	0.848711	
19.3427	3.79091	1146.75	0.14779	0.344461	
19.0062	1.60691	753.244	0.18635	0.192457	
14.248	0.571759	1019.57	0.13579	0.113562	
6.71051	0.223976	1421.05	0.0778119	0.0748824	
21.0657	2.26642	680.939	0.207467	0.230036	
20.0536	0.468725	1380.02	0.135856	0.112215	
46.0477	0.567072	1551.74	0.191792	0.134874	
8.01554	0.668277	1112.57	0.0972689	0.124688	
37.993	2.59228	783.059	0.253688	0.25946	
21.7489	0.247353	1305.27	0.145614	0.0797943	
5.01611	1.59144	813.026	0.09279	0.188549	
5.47298	2.41414	506.796	0.126988	0.216208	
39.7074	0.49337	1726.98	0.169225	0.128338	
2.80482	1.0369	868.232	0.0667962	0.149683	
3.57489	1.89922	759.115	0.0817149	0.205364	
19.9882	0.203455	1703.57	0.121696	0.0780754	
25.7946	0.975144	808.004	0.207243	0.147251	
7.30346	1.92246	703.799	0.121597	0.206234	
44.2937	1.50571	691.785	0.291481	0.186403	
11.8467	3.07213	746.367	0.148994	0.273467	
17.1454	0.515944	1067.29	0.144852	0.109664	
6.30808	1.00267	1017.02	0.091012	0.152203	
2.96586	1.52672	993.998	0.0634045	0.19049	
13.8868	1.59029	765.515	0.159103	0.193346	
3.01822	1.79146	825.437	0.0714544	0.201526	
11.8711	0.649507	958.068	0.128704	0.119777	
2.53701	0.238871	1328.51	0.0497071	0.0751404	
4.03964	3.2969	533.656	0.106622	0.260284	
2.34483	1.82516	718.729	0.0684895	0.19836	
0.687301	0.679394	1044.04	0.0296899	0.122253	
10.3455	1.05642	1177.98	0.10688	0.164372	
8.75974	3.37654	1015.31	0.107262	0.306939	
10.2946	2.07563	835.645	0.130076	0.223521	
15.106	1.56553	693.186	0.174841	0.18461	
5.2212	1.23436	1185.31	0.0759215	0.176454	
8.69216	1.05587	1284.93	0.0934716	0.166124	
10.8831	0.620225	1248.68	0.106084	0.124354	
2.384	1.18189	869.158	0.061571	0.160789	
24.1387	4.20413	487.667	0.265115	0.282974	
1.31829	0.93249	1054.63	0.0408664	0.145803	
8.28832	1.81255	976.468	0.106674	0.210939	
21.8158	2.82367	572.712	0.232154	0.246242	
14.8794	1.58915	778.85	0.162204	0.19001	
10.2338	1.89264	624.397	0.15368	0.20071	
0.503453	2.59974	775.21	0.0305013	0.24438	
7.6661	1.88447	1210.5	0.0908444	0.226721	
2.90064	3.11968	562.605	0.0879345	0.255644	
5.27341	0.585034	1083.42	0.0802239	0.115772	
27.9111	0.70531	1051.58	0.18518	0.131068	
6.48949	0.678927	988.854	0.0937534	0.123491	
7.72476	1.40381	1245.26	0.0897457	0.193012	
10.1707	3.10744	570.311	0.161383	0.259886	
1.65366	2.47165	564.784	0.0663628	0.22327	
12.2384	2.19818	1299.41	0.1101	0.254553	
37.7236	0.753375	789.691	0.25141	0.129846	
14.3681	3.5727	422.028	0.222474	0.288485	
25.6507	0.68102	1162.46	0.168129	0.131144	
6.36813	0.585984	1209.24	0.0828032	0.11817	
0.614696	1.71512	1357.46	0.0242618	0.216666	
19.2045	3.09981	612.177	0.210753	0.264175	
2.11737	0.676356	1207.53	0.0479067	0.12645	
1.92724	1.34412	1255.85	0.0447566	0.186094	
12.7037	0.87991	1024.35	0.128029	0.14329	
2.48342	1.38455	869.911	0.0628147	0.175679	
44.5488	0.457271	950.897	0.244864	0.10411	
5.1645	1.09605	815.202	0.0939569	0.153181	
9.59044	1.19854	824.297	0.126596	0.163235	
3.89895	1.97886	858.008	0.0792733	0.215098	
63.4731	2.99305	374.032	0.456009	0.173065	
2.48931	0.301393	1572.21	0.0450309	0.089049	
1.63136	0.761615	1128.03	0.0437161	0.132563	
0.915317	1.02669	988.453	0.035386	0.15158	
8.41092	0.709852	1017.67	0.104847	0.126571	
16.6282	2.26894	963.907	0.151318	0.2444	
60.9269	1.6253	931.657	0.286575	0.210242	
14.6174	1.68371	840.076	0.153858	0.199199	
19.866	8.95577	3104.84	0.0912846	0.874396	
9.26751	1.8204	803.484	0.126412	0.205437	
11.7353	0.407003	1199.57	0.11257	0.0987083	
20.7641	0.41891	1448.87	0.134706	0.107604	
5.50605	1.44966	856.54	0.094185	0.18069	
7.07579	0.895852	1079.97	0.0930622	0.145042	
0.0546504	0.364875	1354.86	0.00714887	0.0926911	
45.3752	0.483787	1397.75	0.200829	0.119151	
2.07519	0.811487	1185.63	0.0479241	0.138929	
21.9615	0.690636	1544.75	0.133978	0.143426	
7.29789	0.71546	933.683	0.102767	0.125942	
37.8162	1.39152	1034.38	0.216309	0.193684	
1.16856	3.14459	1089.75	0.0379033	0.293269	
11.8893	4.51043	563.054	0.17554	0.314654	
67.7578	0.684915	823.847	0.321311	0.129059	
1.56709	0.751352	1208.38	0.0412152	0.133597	
16.7965	0.633868	1124.9	0.139222	0.12401	
20.4189	0.812308	1015.13	0.162346	0.13815	
2.77484	1.82486	823.76	0.0686149	0.203487	
36.3859	1.31841	1274.52	0.189566	0.195342	
63.5147	0.786266	739.546	0.330805	0.135389	
20.6677	1.5266	903.274	0.174461	0.191261	
31.7363	0.371491	1105.06	0.19163	0.0948486	
9.75592	0.899748	958.855	0.116779	0.144014	
18.5248	1.00345	815.678	0.175759	0.149173	
8.02009	1.29846	1005.87	0.103191	0.175729	
2.99499	0.850668	928.149	0.0663095	0.135974	
4.47345	1.39347	863.572	0.0845388	0.176693	
1.82502	1.65356	774.097	0.0578173	0.189892	
7.56718	2.12111	606.414	0.134844	0.211852	
0.254309	0.312791	1375.17	0.0154704	0.0860993	
27.9787	2.26457	812.162	0.214792	0.236699	
3.77556	0.836264	1178.97	0.0647868	0.141682	
5.65391	2.1117	751.882	0.103102	0.219541	
12.2519	2.14462	802.893	0.145024	0.226675	
0.314551	8.8052	3023.84	0.0122698	2.36091	
17.1226	1.39261	750.616	0.177345	0.174903	
12.8611	1.34395	1347.68	0.110599	0.194089	
1.23164	0.488065	1269.12	0.0355523	0.107181	
4.50988	1.27033	913.18	0.0820935	0.169513	
7.09183	0.964759	896.801	0.103858	0.145552	
11.3613	0.640976	1057.38	0.118976	0.121258	
6.97504	1.806	603.639	0.129858	0.193122	
16.8425	2.30788	811.455	0.168267	0.238241	
3.77496	1.23876	800.944	0.081281	0.163115	
11.7814	1.8223	666.211	0.158605	0.199316	
11.1771	0.933106	1083.93	0.116371	0.14968	
10.3101	1.99818	742.172	0.139589	0.213893	
11.5695	0.807681	1018.11	0.122694	0.13635	
20.6547	1.13053	1013.1	0.163463	0.166037	
56.7321	0.466521	1340.12	0.228371	0.117687	
28.9856	1.34376	851.076	0.212707	0.178324	
13.1366	2.55958	1009.4	0.131344	0.263705	
23.4491	1.58785	700.333	0.214886	0.190519	
1.31619	1.70484	1008.31	0.0419578	0.202444	
2.71385	1.3331	835.366	0.0672639	0.170856	
2.25656	3.93662	433.431	0.0898168	0.273405	
13.0634	2.33564	615.678	0.174497	0.226497	
8.24177	2.08849	729.561	0.126356	0.218005	
3.93033	1.85344	721.817	0.0882594	0.200787	
30.045	1.1584	1356.08	0.16716	0.185187	
0.638447	1.55569	775.905	0.034212	0.182795	
5.92362	1.56275	1032.15	0.087488	0.195596	
5.05268	2.96332	704.206	0.101495	0.263229	
95.6439	0.823216	1400.38	0.28541	0.164819	
7.84414	0.826784	1075.56	0.0981063	0.140076	
3.23479	1.48508	1131.83	0.0614179	0.192854	
0.0671012	0.936375	1013.9	0.00938074	0.143979	
12.9168	1.17676	927.966	0.136675	0.167168	
1.08769	0.600405	1071.64	0.0367704	0.115218	
56.061	0.252267	990.91	0.266509	0.0790145	
1.35444	0.959476	1330.76	0.0363447	0.156209	
16.3792	1.42831	945.013	0.151868	0.186289	
3.61204	0.624694	1243.76	0.0615022	0.122514	
26.6304	1.85787	500.011	0.273366	0.189081	
15.1608	1.78669	594.69	0.19108	0.194047	
17.6004	1.77075	678.543	0.190678	0.19877	
14.3966	7.24049	436.669	0.220421	0.428644	
4.2955	0.931253	1332.55	0.064569	0.155222	
4.06882	1.76506	730.675	0.0891724	0.195866	
7.51705	3.07427	470.047	0.154376	0.239584	
2.87089	1.20016	827.216	0.0695743	0.160932	
6.50376	1.76802	1362.63	0.0784659	0.225243	
2.79521	1.96969	611.763	0.0821515	0.200758	
54.3142	2.0372	853.304	0.285224	0.232371	
9.52585	2.57697	522.634	0.163745	0.227987	
9.10339	1.12206	1407.6	0.091054	0.176534	
5.79459	1.30141	940.951	0.0913387	0.173114	
14.3384	2.04521	755.663	0.162215	0.218531	
66.3909	0.960517	1111.41	0.271133	0.167013	
9.63208	1.86214	788.484	0.130274	0.207521	
8.11205	3.82588	976.219	0.105686	0.32738	
12.943	1.30104	742.819	0.155789	0.167743	
29.2577	1.29145	737.277	0.231902	0.170168	
3.9706	1.78002	684.947	0.0914964	0.194355	
26.3023	2.56922	566.822	0.254994	0.233301	
18.1473	1.90637	610.449	0.205338	0.203246	
6.14003	2.69287	635.13	0.118616	0.244403	
2.29324	2.2412	1352.03	0.0468566	0.254721	
37.481	1.45704	1077.68	0.210557	0.197347	
32.0101	1.17516	909.677	0.214716	0.168055	
2.97649	1.03471	1257.02	0.0555371	0.161417	
47.1028	1.98503	504.705	0.352108	0.196708	
22.7393	2.2307	769.352	0.200683	0.233894	
7.61428	1.41667	1059.81	0.0975825	0.186556	
24.9061	1.50488	945.662	0.186203	0.193621	
98.6093	1.61922	891.086	0.363958	0.215187	
12.8266	0.366574	1237.89	0.115595	0.0942643	
16.2031	1.94295	775.645	0.170029	0.214772	
3.05658	1.06711	1039.29	0.0626868	0.157331	
24.6099	1.90353	1009.3	0.178187	0.223434	
12.4634	1.69655	1549.68	0.101259	0.232013	
45.6139	0.568053	1093.55	0.229293	0.121219	
0.479777	1.16158	863.355	0.0277973	0.158096	
7.04865	1.46909	763.774	0.11388	0.178446	
1.36775	2.82471	635.715	0.0564836	0.247453	
3.95553	1.51162	708.038	0.0895745	0.178448	
11.1921	2.11751	645.813	0.157507	0.215634	
19.7943	2.38942	874.45	0.17431	0.248579	
0.832007	0.866875	988.981	0.0337224	0.138141	
18.5409	2.00192	786.596	0.179574	0.219436	
1.50358	2.5742	722.356	0.0548241	0.241182	
26.5901	1.95187	608.805	0.246607	0.203667	
18.3462	2.56416	707.55	0.189996	0.247677	
11.6504	2.31803	650.019	0.160042	0.227514	
4.8308	1.31038	1250.48	0.0709031	0.184771	
0.540091	2.16509	621.252	0.0360487	0.210505	
14.308	0.523402	1342.32	0.116763	0.116677	
23.9719	0.826228	1075.14	0.169906	0.142784	
0.901907	0.883275	1009.22	0.034693	0.140126	
3.51005	3.63264	462.69	0.107527	0.263959	
107.86	1.48617	1031.52	0.351236	0.213618	
21.1001	2.5278	887.084	0.178306	0.258126	
6.84345	0.502862	1096.55	0.0906641	0.106979	
1.07456	0.571267	1217.3	0.0339933	0.115291	
6.84628	0.705869	1095.23	0.090761	0.128824	
1.06319	0.457081	1413.57	0.0311524	0.106407	
3.30674	2.23859	555.333	0.0942855	0.211718	
35.7733	0.587316	1325.52	0.184082	0.128324	
12.3635	1.7325	1085.51	0.122535	0.215322	
7.91549	0.136083	1653.8	0.0780676	0.0610569	
25.5258	2.57698	1267.62	0.16006	0.28551	
17.4073	1.00558	1099.96	0.143519	0.15759	
10.8286	1.89078	786.076	0.138217	0.209574	
16.6913	0.368214	1398.4	0.123253	0.0987014	
14.5474	1.89532	553.198	0.194829	0.197063	
7.97379	1.11865	902.62	0.109646	0.158265	
6.39721	1.65974	680.855	0.116129	0.18832	
11.5533	3.87457	411.378	0.203158	0.295066	
49.2599	1.15399	1049.48	0.24322	0.177747	
2.02592	0.230113	1490.67	0.0417744	0.0761005	
17.4276	1.14909	974.611	0.153849	0.165638	
21.8942	1.264	862.951	0.184429	0.171867	
27.0669	2.06629	866.155	0.203785	0.231002	
1.85948	1.50639	800.146	0.0571974	0.18125	
22.6888	1.00192	1006.26	0.171752	0.155296	
29.5746	1.94833	564.477	0.269757	0.200567	
1.1885	1.29036	985.245	0.0404004	0.17214	
0.905854	1.57257	1014.44	0.0346989	0.193266	
17.5868	1.75583	680.145	0.190351	0.197913	
4.79708	2.18931	737.939	0.096133	0.222942	
13.2722	1.95589	725.848	0.159942	0.211174	
17.8176	2.15357	714.96	0.186064	0.222455	
18.7245	2.07148	721.222	0.189721	0.220109	
47.0295	0.294938	975.213	0.247669	0.0844791	
4.74423	2.00026	1351.21	0.0673929	0.240285	
5.40926	0.803215	1048.47	0.0828386	0.135461	
7.5297	1.51696	852.29	0.110219	0.185421	
28.5929	0.971306	744.111	0.228148	0.145864	
11.0294	2.90666	543.514	0.172262	0.247129	
3.20195	1.24361	850.541	0.0722424	0.165034	
26.7618	2.99383	639.152	0.240813	0.262581	
13.0546	0.719215	901.751	0.139715	0.125399	
65.7606	0.974808	953.95	0.292908	0.156784	
0.342122	1.45874	792.176	0.0247525	0.176656	
9.99869	1.3236	743.499	0.137296	0.169241	
8.16053	1.59632	713.447	0.127357	0.18633	
18.7614	2.6787	1105.78	0.148502	0.279197	
7.50919	0.325822	1166.35	0.0916715	0.0865581	
33.1294	0.544304	1274.3	0.181104	0.121329	
22.171	1.08829	842.976	0.188073	0.157418	
0.339787	1.35099	785.382	0.0247906	0.168997	
11.7762	1.21244	769.023	0.145794	0.162246	
10.9794	2.03589	586.342	0.164736	0.206604	
54.5221	3.5995	465.905	0.389505	0.243215	
55.5778	0.263517	1925.48	0.188823	0.0955684	
21.244	1.96817	518.016	0.241704	0.196959	
42.9983	1.87254	824.349	0.260942	0.216973	
6.37282	1.77498	1120.94	0.0865359	0.214434	
10.7438	1.31792	1225.38	0.10663	0.186351	
0.697632	0.396655	1256.22	0.0269152	0.0956094	
29.405	0.956067	856.848	0.213335	0.15008	
66.306	0.863298	647.389	0.361532	0.140655	
2.13751	1.70058	757.921	0.0633511	0.192344	
5.34573	3.0266	447.239	0.134109	0.236138	
1.21471	0.67528	1067.54	0.0389438	0.122658	
3.78607	1.62364	694.578	0.0886605	0.185052	
13.5986	0.655945	971.906	0.136446	0.121027	
16.5076	1.32272	713.1	0.179491	0.168422	
26.7545	1.57668	624.618	0.243822	0.182037	
43.7473	2.24266	453.75	0.358425	0.206935	
25.1091	2.97044	628.396	0.235884	0.260097	
5.97344	2.20735	882.725	0.0963152	0.231012	
13.1384	3.04325	407.312	0.216662	0.260223	
16.8276	1.97843	762.899	0.174291	0.213988	
0.888007	2.32137	617.318	0.0463211	0.219228	
7.51892	1.47524	866.931	0.109028	0.183102	
10.539	0.986302	1515.66	0.0941568	0.169026	
17.9241	1.84811	831.261	0.170918	0.210184	
1.39217	1.0068	886.014	0.0465471	0.147306	
33.712	0.704735	1308.08	0.180136	0.139442	
56.9362	1.06085	1284.16	0.233916	0.180289	
102.047	5.24889	400.023	0.534533	0.188818	
3.03659	1.0655	956.181	0.0656102	0.154674	
7.30028	0.593903	1203.03	0.0888586	0.119443	
3.78901	1.39863	973.273	0.0725068	0.180858	
1.31525	1.9048	1048.84	0.0410012	0.217435	
15.4549	1.30254	857.213	0.156211	0.17295	
39.7918	0.514344	1392.04	0.188906	0.120829	
13.6874	0.404351	1377.34	0.112664	0.102338	
12.5891	2.69646	615.882	0.171415	0.245565	
22.8796	0.148503	1710.41	0.129808	0.0657459	
13.4365	0.809941	1146.42	0.123458	0.140255	
13.6852	2.61836	476.748	0.204534	0.223762	
29.3078	0.133956	1293.52	0.169253	0.059121	
37.5826	1.86987	1589.77	0.171816	0.261134	
6.49008	0.544235	1231.79	0.0827242	0.114476	
52.7816	1.49961	814.824	0.288722	0.194353	
15.3787	0.558015	1250.4	0.125722	0.118514	
8.73438	3.18056	693.187	0.134062	0.273811	
35.2193	1.06768	1131.32	0.198969	0.168498	
14.8811	1.08334	920.903	0.147174	0.158156	
8.77128	0.703427	1632.9	0.0827143	0.143543	
8.04201	1.20033	927.579	0.108351	0.165458	
8.54903	1.27277	767.765	0.124766	0.166308	
14.3995	0.880634	868.97	0.149816	0.139543	
10.4378	1.15889	841.428	0.130374	0.161008	
0.225206	2.92762	733.366	0.0212151	0.258228	
5.13111	1.81879	1069.95	0.0798038	0.214691	
3.24973	0.81876	1074.69	0.0633766	0.137063	
15.7966	1.18171	978.713	0.14628	0.168107	
7.03582	2.31563	538.136	0.139036	0.215893	
23.7765	1.5751	660.949	0.223465	0.187738	
11.3571	2.93654	577.061	0.169122	0.253057	
53.9869	0.825225	722.588	0.311433	0.138029	
9.89949	0.821545	1227.53	0.10221	0.143167	
7.07001	3.55894	1212.36	0.0872717	0.32948	
33.378	0.781426	1229.37	0.185313	0.144909	
19.4444	3.18749	595.935	0.215177	0.266351	
26.7231	0.838845	1168.02	0.171073	0.147336	
18.4592	2.73556	702.253	0.191347	0.253908	
6.51962	0.520799	1242.68	0.082507	0.112093	
8.47096	1.04093	934.689	0.110667	0.153175	
2.64772	1.04142	930.195	0.0622902	0.151842	
2.95973	0.406628	1307.83	0.0541468	0.0987511	
6.84704	0.765013	1396.09	0.0793694	0.142269	
39.0447	2.1271	447.682	0.34311	0.191712	
10.0015	1.27863	942.469	0.119453	0.172077	
2.35036	1.18811	887.708	0.0603689	0.161847	
6.60276	1.18687	1056.82	0.0910599	0.168559	
2.71685	2.34672	677.517	0.0763413	0.226932	
50.3106	1.32202	775.272	0.290281	0.179257	
16.956	4.29208	414.097	0.24297	0.325851	
4.58255	0.45086	1378.17	0.0654376	0.106272	
22.5214	1.63458	814.45	0.193297	0.198545	
19.9422	2.21156	705.848	0.198	0.228083	
7.93164	2.50493	722.824	0.124721	0.2415	
10.8085	1.43659	779.413	0.13874	0.178887	
0.883482	1.75581	729.179	0.0417717	0.19372	
61.971	2.15264	1381.7	0.234618	0.27859	
5.92823	2.73055	798.224	0.10191	0.257699	
37.5261	1.93863	871.695	0.23723	0.222694	
6.60181	1.57048	774.34	0.109369	0.18567	
34.4473	1.84878	824.04	0.235138	0.213334	
4.21895	1.1567	1094.28	0.071443	0.166732	
5.04403	1.77739	793.605	0.0943626	0.19974	
34.101	2.41142	639.735	0.269546	0.233553	
59.9734	2.93993	624.692	0.352166	0.260249	
3.05831	1.13853	944.966	0.0663081	0.160105	
6.22811	4.95303	572.896	0.127085	0.333101	
9.72087	1.73002	618.676	0.150638	0.190318	
68.106	0.584936	1504.49	0.234926	0.135897	
1.24847	0.992379	1158.83	0.037685	0.153838	
23.0623	1.38009	1004.82	0.173287	0.186114	
20.358	0.362839	1046.5	0.159283	0.091411	
3.80604	0.495283	1167.83	0.0653644	0.107196	
24.5229	0.854025	1438.62	0.146741	0.158089	
26.0594	1.02419	941.343	0.190764	0.155091	
4.91809	1.15433	1062.46	0.0784227	0.165705	
15.2202	0.841661	944.939	0.146574	0.138098	
15.6595	1.32854	972.538	0.1462	0.179428	
0.387091	1.97759	723.41	0.0278744	0.206176	
1.8271	3.44243	504.419	0.0745098	0.259741	
5.61408	2.63162	546.605	0.1235	0.232184	
12.3763	1.14363	898.163	0.136761	0.165283	
22.4577	1.80712	1150.72	0.158564	0.224036	
3.20743	2.71741	558.265	0.0927083	0.236279	
7.45495	1.03548	829.427	0.111432	0.149098	
37.7407	0.627483	1366.85	0.185901	0.134568	
2.30751	1.15446	985.909	0.0562055	0.16236	
12.9433	0.550109	1041.34	0.127961	0.112319	
54.8651	1.06711	1100.55	0.249386	0.172081	
4.30755	1.5606	696.413	0.0943667	0.181226	
19.6539	2.70636	631.329	0.209432	0.246582	
28.4018	1.26041	777.234	0.221846	0.17275	
8.93562	0.562336	1190.42	0.0987965	0.116117	
36.9651	0.456679	962.644	0.222635	0.102927	
10.4944	3.6346	796.992	0.135154	0.305425	
6.27693	2.53228	565.814	0.127967	0.229706	
12.8834	1.25794	1009.02	0.130021	0.175224	
25.6251	0.990887	1314.28	0.157257	0.167064	
13.8814	0.26761	1308.47	0.116607	0.0813844	
22.9431	0.761595	1047.6	0.168764	0.135621	
21.5217	0.944195	954.892	0.172491	0.148545	
1.31333	2.1537	643.463	0.0548583	0.212619	
31.2176	0.868228	792.398	0.229467	0.138912	
12.1473	2.17769	803.105	0.144399	0.228673	
27.8314	1.42061	612.16	0.251157	0.173154	
17.5837	1.2354	758.307	0.178579	0.164038	
0.221877	0.886274	1000.08	0.0173238	0.139603	
0.329422	0.702852	1041.69	0.0205948	0.124187	
18.4676	2.35747	761.699	0.182498	0.237268	
21.5821	1.23754	1509.77	0.13442	0.195751	
6.10219	2.83939	516.928	0.13264	0.238152	
24.4941	1.23826	1016.96	0.177198	0.175693	
4.10752	1.30522	972.367	0.0755127	0.174046	
1.12775	0.504994	1118.72	0.0365217	0.106039	
3.72342	2.58617	507.35	0.105094	0.223682	
15.0059	0.804591	1077.75	0.134972	0.138333	
30.4723	2.58931	977.575	0.201384	0.268187	
31.5411	0.33314	1081.48	0.193352	0.089168	
9.17869	2.08409	640.176	0.143705	0.212704	
15.3269	0.520778	1034.89	0.139532	0.10909	
10.9469	2.29626	699.655	0.148811	0.22935	
40.0857	0.846642	755.92	0.265071	0.138789	
72.3553	2.42675	577.834	0.396904	0.228013	
5.12988	0.245325	1349.54	0.0699937	0.0770285	
1.68777	1.38668	881.943	0.0513983	0.175918	
6.32978	1.01755	1152.55	0.0848621	0.157742	
14.7034	1.49669	878.039	0.151014	0.193679	
3.22846	0.908991	970.359	0.0670498	0.142199	
4.27519	1.609	761.836	0.0891247	0.187338	
10.3429	0.956238	859.553	0.128168	0.146106	
4.10499	1.29838	805.722	0.0844376	0.167686	
5.78391	2.33788	673.538	0.111279	0.228009	
6.79056	1.95882	907.506	0.100931	0.21697	
12.0074	1.92317	785.762	0.145414	0.211925	
47.001	0.688752	1138.95	0.227528	0.135824	
21.2632	3.02797	582.251	0.227347	0.2572	
20.2279	1.46671	901.107	0.17312	0.188113	
0.420797	3.01317	748.116	0.0285613	0.264095	
1.56831	2.15137	906.113	0.0488212	0.226965	
43.4743	1.19603	887.838	0.251625	0.171147	
