10 15
-4.81317	0.609533	0.147578	-28.0008	-193.233	7.03092	
-4.06367	0.741689	0.174154	-72.6159	-176.859	-5.41369	
-5.82741	0.430695	0.111613	-21.9578	-203.081	-0.928793	
-4.24411	0.709874	0.167756	-32.7448	-176.735	-1.79563	
-7.55181	0.126637	0.0504667	-34.6461	-213.114	-0.155731	
-4.42673	0.677673	0.16128	-33.8411	-189.659	0.451815	
-5.37425	0.510598	0.127682	-23.5958	-201.529	-11.0184	
-5.67381	0.457779	0.11706	20.7282	-175.962	18.0732	
-3.58622	0.825877	0.191084	-48.8043	-193.267	-7.78915	
-3.05168	0.92013	0.210039	-11.4596	-223.854	9.10757	
-6.5546	0.302472	0.0858272	-12.4254	-173.026	0.180188	
-6.21663	0.362065	0.0978114	-13.3435	-209.317	8.10698	
-4.51769	0.661634	0.158055	-52.2057	-197.231	2.97331	
-5.88966	0.419719	0.109406	-0.198509	-206.48	5.98784	
-6.89614	0.242248	0.0737163	-46.5159	-191.842	-1.83818	
-6.38633	0.332141	0.0917938	-35.946	-196.43	2.83025	
-4.78407	0.614663	0.148609	-61.835	-191.573	-7.63358	
-6.0034	0.399663	0.105373	-35.4191	-189.959	8.84975	
-4.17622	0.721843	0.170163	-26.2551	-209.784	6.16438	
-6.3675	0.335461	0.0924615	-0.650521	-171.508	-4.68741	
-5.09973	0.559005	0.137416	-6.40981	-173.02	-3.48506	
-5.76349	0.441965	0.11388	29.8759	-173.643	7.51624	
-6.01174	0.398192	0.105077	-7.07925	-211.578	-10.2643	
-5.81204	0.433405	0.112158	-44.8301	-154.11	8.70872	
-4.02446	0.748604	0.175545	0.940581	-197.414	4.42458	
-3.3617	0.865467	0.199046	-37.1281	-193.903	-9.88175	
-7.177	0.192725	0.063757	-49.2995	-206.048	12.2378	
-2.74219	0.974701	0.221013	-62.9119	-146.162	6.50988	
-3.18995	0.89575	0.205136	-80.2756	-196.089	-10.7418	
-6.52696	0.307345	0.0868074	71.8999	-185.205	-0.34008	
-4.04145	0.745607	0.174942	-23.6866	-186.472	-4.75619	
-4.24513	0.709693	0.16772	-82.3767	-191.736	16.2511	
-5.72647	0.448493	0.115192	-31.0289	-184.89	8.83061	
-1.81923	1.13745	0.253741	-65.8565	-129.922	-0.991726	
-6.00198	0.399913	0.105423	-64.5321	-169.953	-0.484454	
-5.23453	0.535235	0.132636	-58.3999	-152.345	-14.6118	
-6.43419	0.323702	0.0900968	-9.95919	-206.392	-4.17414	
-5.64571	0.462734	0.118056	3.84666	-167.631	11.9522	
-4.17528	0.72201	0.170197	-84.7336	-186.628	-5.40563	
-5.9172	0.414862	0.108429	-14.927	-219.707	-4.98221	
-6.2417	0.357644	0.0969224	20.6483	-178.438	-3.67094	
-5.8184	0.432283	0.111932	-28.6198	-209.211	6.14883	
-2.71369	0.979727	0.222024	-84.1526	-129.752	6.26109	
-5.16334	0.547788	0.13516	-51.4125	-153.591	3.29701	
-4.60448	0.64633	0.154977	-15.4926	-181.182	1.38927	
-6.43858	0.322929	0.0899413	-19.7884	-196.591	7.71447	
-5.3515	0.51461	0.128488	-62.9307	-211.093	-0.688704	
-3.93013	0.765236	0.178889	-56.2073	-227.881	0.493679	
-6.09902	0.382803	0.101982	-24.1306	-194.064	3.80754	
-3.69715	0.806317	0.187151	-51.2055	-173.266	-1.03332	
-6.03108	0.394783	0.104391	-63.3325	-175.883	-5.12799	
-3.56597	0.829447	0.191802	-38.2975	-205.61	-5.39707	
-6.88634	0.243977	0.0740639	-17.3591	-185.232	1.15638	
-8.01518	0.0449317	0.0340358	6.75243	-163.168	8.01996	
-3.34921	0.867668	0.199489	-23.0089	-177.911	-0.558675	
-3.07789	0.915509	0.209109	-21.8579	-203.431	4.77965	
-4.31029	0.698203	0.165409	-17.2293	-172.035	11.7414	
-4.20226	0.717253	0.16924	-102.977	-154.391	-1.03166	
-6.45009	0.320899	0.0895331	3.90778	-177.834	7.65231	
-6.43202	0.324086	0.090174	-48.7051	-194.324	4.37455	
-4.76074	0.618777	0.149437	-27.585	-172.536	14.9115	
-6.13009	0.377324	0.10088	-23.9859	-168.141	-2.05273	
-4.06627	0.74123	0.174062	-69.01	-204.44	-0.997445	
-2.99815	0.92957	0.211937	-22.1981	-157.115	3.14906	
-5.39126	0.507599	0.127079	2.09823	-192.312	6.00433	
-5.83484	0.429385	0.11135	-11.8431	-191.993	-10.9983	
-2.04061	1.09841	0.245891	-97.3649	-156.58	2.0889	
-5.46864	0.493956	0.124335	-53.1811	-171.601	6.16585	
-3.85902	0.777775	0.181411	-31.8453	-197.802	-0.0086687	
-5.33611	0.517324	0.129034	-21.2228	-180.327	11.243	
12.7844	3.71245	0.771577	-4.19244	205.279	0.665535	
-6.67268	0.28165	0.08164	-34.6434	-170.395	22.552	
-4.83326	0.60599	0.146865	-16.3226	-153.799	10.3195	
-5.84052	0.428383	0.111148	-41.6335	-171.514	-1.43547	
-7.09932	0.206423	0.0665118	18.366	-200.701	-2.53969	
-3.05878	0.918878	0.209787	-19.017	-216.905	-2.9475	
-6.17157	0.37001	0.0994093	-34.888	-221.518	-1.9437	
-6.72438	0.272535	0.0798069	35.9464	-232.221	-7.24972	
-5.62938	0.465613	0.118635	11.4222	-198.581	-2.31996	
-4.7274	0.624656	0.150619	37.624	-170.614	15.2628	
-7.01737	0.220872	0.0694176	-46.6409	-184.537	-2.48317	
-4.69994	0.629499	0.151593	-19.8679	-170.326	9.59967	
-2.8116	0.962464	0.218552	-56.6419	-160.862	1.42496	
-7.41231	0.151234	0.0554133	34.1632	-233.686	7.57131	
-4.80234	0.611442	0.147961	-10.9586	-179.398	1.69448	
-3.63501	0.817274	0.189354	-40.3711	-199.758	5.34746	
-7.32805	0.166092	0.0584012	-10.3866	-232.238	3.17239	
-5.16143	0.548124	0.135228	-44.0711	-151.866	5.30241	
-3.455	0.849014	0.195737	-18.5567	-199.144	2.37538	
-4.34542	0.69201	0.164164	38.0866	-165.264	5.46004	
-3.3196	0.872889	0.200539	-54.1411	-210.6	-14.2023	
-6.20661	0.363831	0.0981666	-37.8855	-169.74	-3.75913	
-4.89435	0.595218	0.144699	-11.7644	-206.364	2.01374	
-5.36183	0.512788	0.128122	-2.04723	-185.188	11.4755	
-4.66279	0.636049	0.15291	-2.37667	-163.851	9.21745	
-4.37805	0.686256	0.163007	-47.6959	-181.064	-9.68295	
-5.65089	0.46182	0.117872	-30.6958	-167.034	-1.76173	
-7.03259	0.218189	0.0688779	-0.522399	-188.891	-2.50239	
-2.26903	1.05813	0.237791	-82.998	-196.486	-5.62259	
-3.52537	0.836606	0.193242	-34.156	-195.768	0.220194	
-5.59303	0.472023	0.119924	-17.4564	-185.194	-2.05016	
-6.45545	0.319954	0.089343	-34.6872	-180.76	-10.7111	
-5.0135	0.574209	0.140474	-48.9037	-196.913	20.3012	
-4.32032	0.696435	0.165054	4.45547	-194.14	11.4908	
-4.34641	0.691835	0.164128	-16.3765	-156.878	-7.5995	
-6.29391	0.348438	0.0950712	-30.6499	-186.63	-11.6906	
-6.56819	0.300075	0.0853453	19.2688	-196.509	-11.1801	
-5.80496	0.434654	0.112409	-0.0826552	-215.1	-2.92898	
-4.59787	0.647496	0.155212	-42.5521	-183.043	3.20892	
-1.8219	1.13697	0.253646	-167.689	-163.022	9.70688	
-5.3228	0.519671	0.129506	-27.5046	-195.449	5.40364	
-5.51673	0.485475	0.122629	-37.0823	-173.738	-13.6466	
-2.54424	1.00961	0.228032	-24.8915	-215.224	-0.174444	
-3.96661	0.758804	0.177596	6.21799	-197.541	3.21629	
-3.42286	0.854681	0.196877	-8.39101	-180.324	0.281765	
-3.97919	0.756586	0.17715	-29.2148	-189.261	-14.0915	
-5.75099	0.44417	0.114323	-31.39	-208.06	14.7872	
-2.6396	0.992791	0.224651	-51.0433	-193.942	9.18334	
-5.81444	0.432981	0.112073	-34.8027	-183.742	-1.61261	
-5.48359	0.49132	0.123805	-70.5867	-185.443	-0.226751	
-5.66142	0.459964	0.117499	-23.1729	-172.783	-3.00386	
-6.91322	0.239236	0.0731106	-16.9712	-179.54	-13.5695	
-3.2207	0.890328	0.204046	-16.842	-172.421	-14.8906	
-2.97344	0.933927	0.212813	-45.9714	-175.504	5.96276	
-6.28674	0.349702	0.0953254	-41.6172	-204.376	17.0778	
-5.47411	0.492991	0.124141	-4.33936	-143.869	-3.33761	
-2.43645	1.02861	0.231855	-83.9838	-137.758	-11.3474	
-5.56708	0.476597	0.120844	-63.0221	-203.414	1.71487	
-6.05383	0.39077	0.103584	10.9906	-200.457	4.15595	
-7.00284	0.223435	0.069933	-7.48265	-193.606	15.2595	
-3.30498	0.875467	0.201057	-96.501	-159.666	15.7405	
-5.89032	0.419602	0.109382	-13.9465	-204.01	4.88518	
-6.15487	0.372954	0.100001	-5.34171	-203.719	12.2303	
-5.09426	0.559968	0.13761	-55.9718	-194.927	0.0047157	
-4.4451	0.674434	0.160629	-44.6813	-188.922	-5.42303	
-6.20128	0.364772	0.0983559	-48.5707	-150.482	2.62144	
-4.70224	0.629092	0.151511	-29.6623	-169.396	-2.14307	
-4.54219	0.657314	0.157186	-57.1922	-173.199	-2.39868	
-4.15157	0.72619	0.171037	-30.433	-201.347	10.2644	
-2.99454	0.930206	0.212065	-81.6277	-99.5484	-9.95568	
-8.05373	0.038135	0.032669	-6.16128	-195.186	-6.32287	
-5.65536	0.461032	0.117714	-25.8199	-197.358	-4.76001	
-5.08957	0.560795	0.137776	-11.9457	-192.895	5.09818	
-5.63646	0.464364	0.118384	-39.4463	-177.302	3.75422	
-4.66908	0.634939	0.152687	9.06649	-207.677	-14.6633	
-5.73865	0.446346	0.11476	-82.6506	-155.919	-12.4397	
-3.76905	0.793638	0.184601	-54.4113	-211.431	-2.0655	
13.8249	3.89592	0.808473	-82.2588	201.402	4.05611	
-4.15167	0.726173	0.171034	-66.3368	-181.93	-8.47426	
-6.90434	0.240803	0.0734257	-2.70992	-173.648	-5.45274	
-6.50923	0.310471	0.0874359	-37.4062	-220.803	-3.60618	
-4.07236	0.740158	0.173846	-37.1524	-203.578	-0.781568	
-5.15654	0.548987	0.135402	-9.13852	-208.465	-2.94186	
-6.79079	0.260824	0.077452	-9.43322	-199.153	4.23781	
-6.10009	0.382614	0.101944	30.9435	-231.077	1.23633	
-5.80942	0.433867	0.112251	-10.9664	-203.268	-6.52477	
-7.08441	0.209051	0.0670403	29.4198	-218.917	-9.20142	
-5.44476	0.498167	0.125182	-18.9046	-169.753	0.113625	
-5.04464	0.568718	0.13937	-82.382	-195.757	9.90338	
-5.84317	0.427916	0.111054	-19.2246	-185.091	-20.1061	
-2.25511	1.06059	0.238285	-89.2641	-207.698	-17.0024	
-6.23594	0.35866	0.0971268	-19.4541	-130.994	6.91824	
-5.93559	0.411619	0.107777	-12.475	-202.717	-6.32281	
-5.79402	0.436581	0.112797	-55.348	-189.978	3.44445	
-6.24573	0.356933	0.0967794	-22.4575	-161.248	-8.15487	
-4.61333	0.64477	0.154664	-17.1173	-176.169	-11.2435	
-5.57625	0.474982	0.120519	-54.2436	-223.941	-10.3953	
-5.25898	0.530924	0.131769	38.999	-144.563	-1.32773	
-3.97891	0.756635	0.17716	-52.9913	-216.939	-1.13051	
-7.01447	0.221384	0.0695204	-7.99749	-157.288	-5.25236	
-5.2575	0.531185	0.131822	11.8868	-183.579	4.02088	
-4.94283	0.58667	0.14298	11.3434	-166.369	2.95364	
-5.69653	0.453772	0.116254	4.85765	-176.964	-10.97	
-5.15731	0.548852	0.135375	-28.4158	-176.944	-0.912844	
-4.62793	0.642196	0.154146	-47.4716	-180.013	7.30342	
-3.9432	0.762932	0.178426	-50.4953	-186.542	-4.76506	
-3.27477	0.880794	0.202128	-16.7281	-180.678	-5.33152	
-7.01397	0.221471	0.069538	-5.7856	-195.879	4.22788	
-3.4013	0.858483	0.197642	-54.6256	-224.992	-7.77323	
-5.69056	0.454826	0.116466	-10.4196	-206.348	6.18202	
-3.92019	0.766989	0.179242	-9.44036	-189.95	-10.5572	
-3.91625	0.767684	0.179382	-4.69986	-204.095	-10.8831	
12.7535	3.70701	0.770483	-67.3122	217.533	2.82453	
-4.20537	0.716704	0.16913	13.7069	-180.826	-3.39342	
-6.16714	0.37079	0.0995662	-29.0157	-216.782	12.3923	
-6.34325	0.339737	0.0933214	-1.22056	-200.008	4.17091	
-5.14613	0.550823	0.135771	-6.58362	-176.745	8.54073	
-4.98527	0.579187	0.141475	-44.5483	-174.715	2.78926	
-5.63543	0.464545	0.11842	18.1004	-189.122	0.413094	
-3.51732	0.838026	0.193528	-33.4704	-163.645	-1.00935	
-3.66343	0.812262	0.188346	-22.6545	-216.478	10.0132	
-4.54537	0.656752	0.157073	-17.1977	-173.726	3.84449	
-4.07608	0.739502	0.173714	-19.8321	-159.846	8.37675	
-5.10097	0.558786	0.137372	-42.189	-207.874	-3.02188	
-3.3345	0.870263	0.20001	-60.2941	-206.838	1.22962	
-6.03075	0.39484	0.104403	-15.6765	-167.794	-7.42038	
-4.64168	0.63977	0.153658	-58.6922	-210.172	1.92306	
-6.17211	0.369914	0.09939	-78.1693	-212.439	-1.51926	
-5.51346	0.486052	0.122745	-38.4561	-150.973	10.9066	
-4.61478	0.644513	0.154612	-32.6354	-214.175	15.8028	
-3.9871	0.75519	0.176869	-83.4628	-159.841	-3.39144	
-5.09778	0.559348	0.137485	-29.6231	-194.543	-11.9745	
-4.63384	0.641153	0.153936	-35.3491	-175.384	-6.29885	
-1.82854	1.1358	0.253411	-86.9153	-183.049	-5.79514	
-2.99671	0.929824	0.211988	-15.4576	-200.655	-4.36352	
-3.43382	0.852749	0.196488	-27.237	-205.699	5.6197	
-3.74015	0.798735	0.185626	-62.1784	-179.713	-5.69964	
-5.8429	0.427964	0.111064	-0.475435	-232.055	-10.2961	
-3.91635	0.767666	0.179378	-40.6107	-190.159	1.57848	
-5.01899	0.573241	0.140279	-39.1316	-201.18	-10.5835	
-3.38829	0.860776	0.198103	-30.3986	-200.113	-14.1271	
-5.81218	0.43338	0.112153	-85.4714	-234.566	-6.06191	
-5.23602	0.534973	0.132583	1.05948	-205.524	1.40583	
-6.20948	0.363326	0.0980651	-15.1892	-181.386	13.2329	
-5.23497	0.535157	0.132621	-20.2228	-191.611	4.74293	
-5.22783	0.536417	0.132874	-50.8176	-172.291	-7.76952	
-5.77083	0.440671	0.113619	-15.6978	-184.501	1.67014	
-6.91622	0.238707	0.0730042	8.28687	-143.559	2.02374	
-6.53778	0.305437	0.0864236	-2.22517	-203.445	-10.3073	
-4.48167	0.667985	0.159332	-63.431	-201.408	6.75526	
-6.17987	0.368546	0.0991149	-28.7097	-199.548	5.77453	
-3.36608	0.864693	0.19889	-43.1522	-137.459	0.555901	
-3.73393	0.799832	0.185847	-31.7784	-152.459	-5.37074	
-4.14999	0.726469	0.171093	1.87086	-163.832	-9.00014	
-1.33109	1.22352	0.27105	-169.322	-172.415	24.2569	
-6.52161	0.308289	0.0869971	-26.8976	-203.057	10.0973	
-3.69295	0.807057	0.1873	-63.3353	-184.015	-3.28578	
-2.44238	1.02757	0.231644	-40.0747	-175.594	5.68663	
-4.47117	0.669837	0.159705	-10.3299	-183.464	-0.579733	
-6.34536	0.339366	0.0932467	-12.677	-214.066	-14.9781	
-3.38406	0.861524	0.198253	-43.5373	-169.694	-3.19968	
-3.34491	0.868426	0.199641	-74.6468	-235.725	-1.44389	
-2.68032	0.985611	0.223207	-25.7509	-185.52	-1.43333	
-6.44944	0.321014	0.0895561	-16.3496	-217.438	-11.3015	
-5.39928	0.506186	0.126794	-8.58112	-173.469	9.88201	
-3.31728	0.873299	0.200621	-53.4451	-213.726	2.51158	
-5.12302	0.554897	0.13659	-96.5547	-206.487	4.75052	
-3.62524	0.818997	0.189701	-58.7164	-204.233	-4.28255	
-5.60958	0.469104	0.119337	-30.2549	-171.497	22.2708	
-4.29292	0.701266	0.166025	4.77507	-173.813	0.512893	
-4.97438	0.581106	0.141861	-6.98385	-147.399	-8.22814	
-3.58023	0.826933	0.191297	-64.9304	-176.317	1.17005	
-3.3821	0.861869	0.198322	11.3738	-170.493	9.44994	
-3.39371	0.859822	0.197911	4.38471	-180.988	-1.32424	
-3.69115	0.807375	0.187364	-31.1525	-165.254	13.4134	
-6.60975	0.292746	0.0838714	-19.9901	-203.665	-17.2871	
-6.10597	0.381576	0.101735	45.6111	-179.347	12.4491	
-4.53461	0.65865	0.157455	-86.7092	-188.013	-0.132584	
-6.64759	0.286075	0.0825299	4.23991	-189.277	-11.077	
-3.28361	0.879235	0.201815	-104.695	-125.671	-0.267032	
-4.37214	0.687298	0.163216	-76.4104	-163.955	-12.4011	
-5.06325	0.565437	0.13871	-8.38046	-208.378	-9.73197	
-4.1851	0.720278	0.169848	-62.0643	-215.278	-4.447	
-4.03155	0.747353	0.175293	55.8999	-231.39	-6.41516	
-6.96882	0.229432	0.071139	-25.5521	-176.791	5.10525	
-4.18207	0.720813	0.169956	-75.1025	-172.525	10.7921	
-5.16258	0.547922	0.135188	-8.79338	-200.38	6.22336	
-4.79531	0.612681	0.148211	17.2221	-212.678	11.9898	
-6.9127	0.239328	0.0731291	-6.27463	-223.962	15.1711	
-5.83099	0.430063	0.111486	53.2572	-191.469	0.424754	
-4.65927	0.636669	0.153035	-24.7998	-181.91	3.46809	
-4.02828	0.74793	0.175409	-63.7146	-177.773	-0.241637	
-3.03329	0.923373	0.210691	-56.7733	-192.297	-10.6438	
-3.95771	0.760374	0.177912	-18.9194	-175.266	-1.1185	
-3.5524	0.831841	0.192284	-4.37244	-180.773	-8.56407	
-3.93424	0.764512	0.178744	-17.1209	-218.94	-12.7348	
-5.31294	0.52141	0.129856	-12.679	-184.902	4.02575	
-3.59363	0.824571	0.190822	-80.9373	-200.315	6.87833	
-3.58518	0.826061	0.191121	-34.7436	-193.479	12.0208	
-3.62635	0.818801	0.189662	-87.3307	-148.165	7.9639	
-3.03365	0.92331	0.210678	-45.8694	-219.273	-7.94453	
-3.96827	0.758511	0.177537	-40.079	-156.143	-11.9771	
-6.54711	0.303792	0.0860928	-28.6454	-189.668	-12.5987	
-3.14371	0.903904	0.206776	-43.6446	-185.069	-2.65863	
-6.02945	0.39507	0.104449	-16.0279	-221.578	-2.30278	
-5.31305	0.52139	0.129852	27.7107	-205.078	2.53216	
-5.08554	0.561507	0.137919	-24.4012	-195.755	-0.399851	
-2.21095	1.06837	0.239851	-58.6392	-180.937	8.71683	
-4.46804	0.670388	0.159815	55.5069	-239.194	-8.12956	
-3.90665	0.769376	0.179722	-57.1734	-215.81	13.4367	
-6.22956	0.359785	0.0973531	-14.2309	-175.203	3.80843	
-6.31426	0.34485	0.0943497	-19.7204	-191.709	-5.49331	
-5.85732	0.42542	0.110552	-38.2114	-184.21	-5.07282	
-7.28973	0.172848	0.0597598	-2.70296	-193.848	7.07963	
-3.02328	0.925138	0.211046	-43.8059	-170.281	-2.10393	
-6.01424	0.397751	0.104988	31.5061	-222.48	3.64725	
-4.98028	0.580067	0.141652	-28.2701	-214.668	11.8646	
-7.46894	0.141249	0.0534053	-10.5289	-221.225	-1.67007	
-5.52847	0.483405	0.122213	-30.1538	-226.652	-17.6235	
-4.95655	0.58425	0.142493	-14.5281	-220.208	-3.2407	
-3.65435	0.813864	0.188669	-23.9883	-209.765	5.12172	
-6.8618	0.248304	0.0749342	30.3953	-204.895	4.45463	
-3.41834	0.855478	0.197037	-48.4943	-149.696	-2.45159	
-4.64382	0.639393	0.153582	3.38207	-194.836	1.23031	
-3.79178	0.789631	0.183795	-12.4448	-176.969	-3.17275	
-2.14519	1.07997	0.242183	-109.655	-136.563	14.5108	
-6.17001	0.370285	0.0994646	52.3221	-173.233	-11.4312	
-7.10189	0.205968	0.0664204	-1.75061	-209.846	-2.67898	
-4.59667	0.647706	0.155254	-62.0844	-203.277	-1.10723	
-5.1239	0.554742	0.136559	21.304	-170.723	-8.88387	
-5.42859	0.501016	0.125755	19.2547	-161.331	14.6242	
-3.99648	0.753537	0.176537	-26.795	-195.16	-1.77577	
-4.8528	0.602545	0.146172	18.4012	-209.641	-0.656033	
-3.8495	0.779453	0.181749	-11.3121	-144.346	-9.0925	
-4.9392	0.587309	0.143108	-21.8497	-196.876	-7.78336	
-5.1809	0.544691	0.134538	-12.3215	-194.507	11.2924	
-4.11292	0.733006	0.172408	4.07365	-166.094	-8.64594	
-3.4856	0.84362	0.194652	-57.2077	-197.865	-7.78009	
-3.61288	0.821176	0.190139	-83.688	-181.884	-5.41223	
-3.15895	0.901216	0.206235	-88.8116	-200.991	0.281351	
-3.99372	0.754023	0.176635	14.2921	-183.287	9.5172	
-6.67212	0.28175	0.08166	4.15856	-146.338	1.10097	
-6.37847	0.333527	0.0920725	-6.72013	-211.488	16.1077	
-5.38016	0.509558	0.127472	5.09342	-195.359	-3.32474	
-4.03591	0.746584	0.175139	-51.4223	-201.664	-2.80549	
-4.90901	0.592633	0.144179	-41.9681	-146.514	2.16491	
-3.13619	0.905229	0.207042	-70.9463	-152.826	13.0889	
-4.8007	0.611731	0.14802	-17.1426	-174.986	6.31922	
-2.55331	1.00801	0.227711	-58.7619	-227.124	-6.6025	
-5.48637	0.490829	0.123706	-11.8597	-163.301	2.01378	
-5.19452	0.542291	0.134055	64.3697	-190.366	4.13342	
-4.16559	0.723718	0.17054	-38.3763	-183.504	3.85249	
-4.38183	0.68559	0.162873	-46.2309	-162.444	4.09348	
-4.06745	0.741022	0.17402	-55.1075	-165.364	-5.12002	
-6.66559	0.2829	0.0818914	-17.6664	-165.144	18.97	
-6.5513	0.303054	0.0859443	1.397	-178.098	-0.724964	
-6.15306	0.373273	0.100065	-65.5629	-203.123	-3.74932	
-4.95431	0.584645	0.142573	-62.142	-162.817	-4.70121	
-4.21337	0.715292	0.168846	-30.917	-181.153	0.389839	
-4.57652	0.651259	0.155969	-1.53663	-167.818	-4.04156	
-3.37675	0.862811	0.198512	-69.0092	-156.008	5.61031	
-2.03625	1.09918	0.246046	-188.392	-127.11	3.21821	
-7.87993	0.0687794	0.0388316	-40.6881	-243.997	5.7862	
-3.36313	0.865214	0.198995	-29.2997	-146.49	-4.43589	
-4.41279	0.68013	0.161775	42.6816	-193.387	-11.7653	
-5.47445	0.492931	0.124129	1.02327	-204.851	13.3824	
-6.2052	0.364081	0.0982169	-43.2526	-194.938	12.3559	
-6.47512	0.316486	0.0886456	-16.6607	-193.194	-2.93569	
-4.93954	0.58725	0.143096	32.9361	-177.383	-1.8276	
-5.06838	0.564533	0.138528	12.6258	-129.137	-0.844163	
-3.69306	0.807038	0.187296	-42.1684	-196.013	-0.000265579	
-2.30734	1.05138	0.236433	-91.0703	-152.336	-1.8593	
-5.75613	0.443263	0.114141	-10.8979	-184.623	-3.89898	
-3.95391	0.761043	0.178046	-32.5095	-169.411	4.63655	
-5.59427	0.471803	0.11988	-42.9794	-170.108	0.891915	
-4.35122	0.690987	0.163958	-52.7346	-155.511	-3.06172	
-3.86287	0.777097	0.181275	13.738	-164.462	1.14492	
-3.16737	0.899731	0.205937	-84.1947	-119.341	-4.54232	
-2.64368	0.992071	0.224506	-119.938	-192.689	8.64385	
-4.20184	0.717327	0.169255	-29.2308	-205.091	-12.3606	
-2.21443	1.06776	0.239727	-42.267	-163.555	-2.86585	
-3.64767	0.815041	0.188905	-4.00471	-208.252	6.05611	
-3.07414	0.91617	0.209243	-65.9492	-181.155	5.09807	
-4.08387	0.738127	0.173438	-46.5293	-203.872	-2.46552	
-6.8415	0.251884	0.075654	-2.18605	-221.459	-11.0382	
-3.64991	0.814646	0.188826	-52.6121	-216.005	-4.2869	
-4.83283	0.606065	0.14688	-15.353	-181.407	-0.693695	
-5.54738	0.480071	0.121543	-23.9091	-233.732	1.99351	
-5.24325	0.533698	0.132327	-1.35359	-244.779	6.39151	
-3.90987	0.768809	0.179608	-58.7743	-90.7542	25.3383	
-5.33216	0.51802	0.129174	-10.8006	-178.274	-7.3326	
-6.27731	0.351365	0.0956597	-36.5468	-189.602	5.83209	
-5.15214	0.549762	0.135558	-0.024954	-188.904	-9.97067	
-5.24555	0.533292	0.132245	-16.1618	-198.305	-13.7451	
-4.31045	0.698175	0.165404	9.60068	-200.424	0.454323	
-6.56602	0.300457	0.0854221	46.1799	-214.12	5.45466	
-6.33233	0.341663	0.0937086	-33.1682	-215.719	1.61515	
-2.77355	0.969173	0.219901	-34.5258	-209.991	4.89516	
-7.59128	0.119677	0.0490671	27.7103	-225.749	2.74099	
-5.28212	0.526844	0.130949	-37.0498	-213.342	1.76501	
-2.60736	0.998475	0.225794	-99.1854	-144.864	2.94407	
-7.37445	0.15791	0.0567559	34.8775	-176.153	-0.00132663	
-7.00019	0.223901	0.0700267	35.2166	-228.23	15.8491	
-5.90332	0.417309	0.108921	1.41066	-208.761	1.01975	
-4.39678	0.682953	0.162342	-106.642	-168.758	8.07334	
-5.88668	0.420243	0.109511	14.454	-213.444	-1.74355	
-3.48571	0.843599	0.194648	-12.1165	-195.933	-16.1553	
-6.13413	0.376612	0.100737	-68.3751	-180.232	10.6103	
-5.28979	0.525491	0.130677	-50.0051	-169.123	7.56906	
-7.37764	0.157347	0.0566425	4.28796	-221.423	9.52841	
-4.55563	0.654943	0.156709	-53.1444	-195.971	-2.60986	
-4.33845	0.693238	0.164411	-1.03196	-176.803	0.101816	
-5.08299	0.561956	0.13801	-48.5233	-165.592	0.983807	
-4.56168	0.653876	0.156495	-59.9847	-175.857	-1.03159	
-3.89647	0.771172	0.180083	-37.5694	-180.778	-15.6172	
-5.54016	0.481344	0.121799	-39.4778	-189.696	14.0365	
-5.22771	0.536438	0.132878	-20.6094	-203.461	0.564929	
-5.97482	0.404703	0.106386	-8.69557	-163.217	-10.7137	
-2.95017	0.938029	0.213638	-75.8737	-158.283	3.30445	
-4.34899	0.691381	0.164037	-7.91587	-150.719	7.35121	
-2.45047	1.02614	0.231358	-58.0163	-211.195	0.19836	
-5.36368	0.512463	0.128057	-30.5153	-131.803	4.20808	
-5.96032	0.407258	0.1069	-40.6761	-203.17	-7.16174	
-5.94673	0.409655	0.107382	-36.3295	-201.367	21.7724	
-5.69122	0.454709	0.116442	30.3295	-218.436	-5.70891	
-2.33422	1.04664	0.23548	-84.3185	-217.496	-3.96829	
-5.39084	0.507673	0.127093	-59.7866	-211.037	4.38207	
-4.46351	0.671187	0.159976	-6.651	-156.332	15.9292	
-6.10809	0.381204	0.10166	9.60525	-204.048	3.06066	
-4.89443	0.595204	0.144696	-53.4923	-184.465	3.70143	
-5.09114	0.560519	0.137721	-7.25226	-181.91	5.35744	
-6.37443	0.334241	0.092216	1.13335	-205.227	-2.3252	
-7.46505	0.141935	0.0535433	11.1409	-187.229	-10.1294	
-3.01526	0.926552	0.21133	5.04383	-150.022	-3.55454	
-4.90061	0.594114	0.144477	10.2182	-193.555	7.15296	
-4.55572	0.654927	0.156706	-12.0113	-193.129	-2.60074	
-5.02519	0.572147	0.140059	-16.6582	-208.408	-7.06286	
-3.64281	0.815899	0.189078	-56.2293	-173.394	-10.4536	
-4.36424	0.68869	0.163496	-103.688	-161.28	4.69829	
-2.1427	1.08041	0.242271	-124.361	-130.553	18.6886	
-6.49328	0.313284	0.0880016	-14.7143	-211.536	4.36944	
-3.82038	0.784588	0.182781	-85.4926	-195.628	2.19893	
-3.77012	0.793451	0.184564	-88.3431	-168.629	11.1971	
-3.95046	0.761652	0.178169	-63.6978	-170.691	13.744	
-4.23323	0.711791	0.168142	5.23412	-184.998	-4.69347	
-3.6231	0.819374	0.189777	-41.1084	-191.962	1.08066	
-5.60453	0.469994	0.119516	6.12278	-247.047	15.6891	
-4.1237	0.731105	0.172026	-60.1271	-182.91	-14.9934	
-3.66445	0.812082	0.18831	-77.848	-220.627	6.41153	
-3.8976	0.770972	0.180043	-10.5892	-196.577	1.27417	
-3.64171	0.816093	0.189117	-2.53453	-225.711	-4.82454	
-5.70275	0.452675	0.116033	-35.7765	-189.046	-9.60839	
-4.36622	0.688342	0.163426	-6.28595	-180.769	9.45293	
-2.98791	0.931375	0.2123	-126.331	-174.728	6.30454	
-2.50158	1.01713	0.229545	-159.434	-184.894	1.38466	
-4.68835	0.631542	0.152004	-38.0655	-196.429	3.24412	
-2.47018	1.02266	0.230659	-70.286	-202.826	20.2199	
-3.714	0.803346	0.186553	-40.3479	-157.852	-3.57953	
-6.19286	0.366256	0.0986543	30.6689	-244.753	-5.36487	
-5.76508	0.441685	0.113823	-20.3951	-199.445	8.43115	
-4.40143	0.682134	0.162178	-36.2356	-222.678	-4.80253	
-6.41056	0.32787	0.0909348	-19.4595	-162.251	0.169161	
-6.3094	0.345706	0.0945217	-23.0126	-183.833	-4.10254	
-6.23462	0.358892	0.0971734	-2.93997	-230.578	-8.6881	
-4.86919	0.599655	0.145591	29.8389	-197.001	-3.05238	
-5.29344	0.524848	0.130547	-38.8699	-196.859	8.20813	
-5.65762	0.460633	0.117634	-34.2976	-164.228	-6.00251	
-4.39336	0.683557	0.162464	-26.1353	-217.299	-3.74146	
-3.81041	0.786346	0.183135	-43.6509	-180.843	8.2937	
-2.60959	0.998082	0.225715	-67.465	-167.491	-12.488	
-2.86767	0.952577	0.216564	-83.3038	-162.938	-6.25925	
-5.29854	0.523949	0.130367	-38.5728	-165.697	-7.84454	
-5.90074	0.417765	0.109013	-60.6374	-190.72	-14.2101	
-2.68008	0.985654	0.223216	-45.5977	-191.532	-5.42896	
-4.8255	0.607358	0.14714	-35.6302	-167.4	2.48336	
-5.75719	0.443076	0.114103	-4.04949	-237.104	2.19266	
-5.4532	0.496678	0.124882	-19.1761	-179.048	8.81625	
-5.88557	0.420439	0.109551	16.1677	-178.087	1.13072	
-5.35293	0.514358	0.128438	51.8304	-210.577	-8.04918	
-3.98886	0.75488	0.176807	-34.4695	-168.066	-3.73054	
-2.64722	0.991448	0.224381	-47.6379	-220.646	-2.12387	
-4.93995	0.587178	0.143082	17.9472	-159.47	7.0399	
-6.70927	0.275199	0.0803428	4.03106	-177.594	6.85471	
-6.41835	0.326496	0.0906585	-9.54794	-149.497	-4.0889	
-4.77032	0.617087	0.149097	-5.82585	-166.319	20.4212	
-2.8039	0.963821	0.218825	-30.9237	-191.166	-4.61863	
-5.05059	0.567668	0.139158	-57.3266	-193.339	-7.72882	
-5.88472	0.420589	0.109581	14.1425	-224.349	8.61982	
-6.81676	0.256246	0.0765312	27.2962	-192.975	-1.71544	
-5.54615	0.480287	0.121586	32.1821	-191.674	3.54257	
-5.01711	0.573572	0.140346	-69.8844	-182.338	-1.85606	
-3.12958	0.906395	0.207277	-45.8349	-192.332	0.379059	
-5.09863	0.559198	0.137455	19.4057	-157.542	0.38047	
-4.76336	0.618316	0.149344	1.72914	-168.825	-14.2812	
-4.04852	0.744362	0.174692	0.657122	-151.327	-1.15349	
-4.75033	0.620612	0.149806	-2.43175	-159.315	5.72381	
-5.1258	0.554407	0.136492	-21.369	-192.796	-2.06877	
-5.48603	0.490889	0.123718	-12.1469	-188.794	0.5968	
-4.85999	0.601277	0.145917	-11.0323	-155.364	15.1398	
-7.09411	0.207341	0.0666964	32.948	-213.783	-13.0507	
-2.48572	1.01992	0.230108	-104.641	-165.024	2.82742	
-4.44967	0.673627	0.160467	-23.6005	-224.975	1.32894	
-4.79251	0.613176	0.14831	-11.8778	-201.373	-7.15898	
-5.99779	0.400651	0.105571	-13.2767	-185.635	0.870314	
-2.72811	0.977184	0.221512	-53.4879	-166.812	-4.27138	
-5.8217	0.431702	0.111816	23.7747	-186.89	6.24277	
-4.65603	0.637241	0.15315	-79.1238	-199.13	-15.4888	
-6.73995	0.269789	0.0792547	-31.9334	-159.18	-3.12255	
-3.68465	0.80852	0.187594	-12.4443	-171.011	-9.03448	
-6.02634	0.395618	0.104559	14.4718	-172.678	2.20918	
-3.29819	0.876664	0.201298	-21.2547	-206.484	6.78986	
-5.21781	0.538183	0.133229	11.8119	-146.091	-3.09337	
-3.30265	0.875878	0.20114	-143.02	-137.031	-5.69367	
-6.85376	0.249722	0.0752193	-28.4888	-195.867	-0.308768	
-4.44196	0.674987	0.16074	-38.6664	-192.672	5.60707	
-6.47951	0.315712	0.0884899	-8.34259	-177.47	-10.5922	
-4.27714	0.704049	0.166585	-69.0192	-193.925	6.09534	
-5.23862	0.534514	0.132491	-35.3031	-181.63	-4.14527	
-4.3593	0.689562	0.163671	-33.5904	-169.448	-7.88716	
-5.08926	0.560851	0.137787	-2.28873	-168.643	-3.97752	
-4.5913	0.648655	0.155445	-31.9557	-170.974	-5.4693	
-3.06211	0.918292	0.209669	-61.7636	-201.437	-4.62792	
-4.77163	0.616857	0.14905	-51.9436	-183.473	-12.4746	
-3.57136	0.828496	0.191611	-32.9429	-212.375	-5.01454	
-6.14598	0.374522	0.100317	55.2849	-188.685	5.97438	
-3.52663	0.836384	0.193197	-77.6106	-146.695	-13.7239	
-4.52334	0.660638	0.157855	-74.8514	-188.281	-6.7736	
-3.83425	0.782143	0.182289	-44.2395	-186.09	15.9611	
-4.86716	0.600012	0.145663	-11.0003	-184.813	-14.2563	
-4.98851	0.578615	0.14136	47.4755	-183.483	6.13336	
