10 15
4.85161	0.147578	3.01562	3.50213	7.03092	195.219	
4.13081	0.174154	2.96106	39.6806	-5.41369	187.023	
5.8433	0.111613	3.06782	6.92948	-0.928793	204.147	
4.30306	0.167756	2.97587	3.14034	-1.79563	179.715	
7.55287	0.0504667	3.12483	31.068	-0.155731	213.665	
4.4783	0.16128	2.98969	4.75151	0.451815	192.596	
5.39845	0.127682	3.04687	4.42896	-11.0184	202.857	
5.69225	0.11706	3.06108	-34.8122	18.0732	173.725	
3.68009	0.191084	2.91525	4.18699	-7.78915	199.29	
3.18738	0.210039	2.84875	-53.6502	9.10757	217.632	
6.56157	0.0858272	3.09548	4.43608	0.180188	173.415	
6.22716	0.0978114	3.08342	1.1507	8.10698	209.738	
4.56588	0.158055	2.99617	23.0743	2.97331	202.714	
5.90459	0.109406	3.07045	-14.4793	5.98784	205.972	
6.9004	0.0737163	3.10648	39.7523	-1.83818	193.357	
6.39497	0.0917938	3.08963	25.6954	2.83025	198.032	
4.8234	0.148609	3.01381	36.9181	-7.63358	197.891	
6.01669	0.105373	3.07512	22.7227	8.84975	191.893	
4.23815	0.170163	2.97044	-9.85893	6.16438	211.19	
6.37633	0.0924615	3.08896	-8.37347	-4.68741	171.305	
5.13027	0.137416	3.03241	-12.4809	-3.48506	172.688	
5.78041	0.11388	3.06506	-43.065	7.51624	170.851	
6.02492	0.105077	3.07545	-6.91963	-10.2643	211.584	
5.82818	0.112158	3.06716	33.2458	8.70872	157.017	
4.09349	0.175545	2.95768	-37.0271	4.42458	193.912	
3.47131	0.199046	2.88962	-12.3881	-9.88175	197.036	
7.17959	0.063757	3.11475	43.7507	12.2378	207.297	
2.91027	0.221013	2.80007	10.3264	6.50988	158.791	
3.31333	0.205136	2.86784	24.2742	-10.7418	210.489	
6.53419	0.0868074	3.09454	-80.5317	-0.34008	181.619	
4.10966	0.174942	2.95915	-10.5378	-4.75619	187.675	
4.30404	0.16772	2.97595	49.6337	16.2511	202.695	
5.74401	0.115192	3.06343	16.498	8.83061	186.748	
2.14555	0.253741	2.58282	-13.0369	-0.991726	145.075	
6.01529	0.105423	3.07506	53.0904	-0.484454	173.867	
5.26182	0.132636	3.0397	42.6003	-14.6118	157.496	
6.44233	0.0900968	3.09133	-0.423803	-4.17414	206.632	
5.66464	0.118056	3.05981	-17.5273	11.9522	166.757	
4.23724	0.170197	2.97036	51.6938	-5.40563	198.337	
5.93173	0.108429	3.0716	-0.475756	-4.98221	220.213	
6.25194	0.0969224	3.08436	-30.8221	-3.67094	176.964	
5.83444	0.111932	3.06743	13.0403	6.14883	210.757	
2.88513	0.222024	2.79513	35.0913	6.26109	150.618	
5.19232	0.13516	3.0359	34.9218	3.29701	158.158	
4.64962	0.154977	3.00213	-9.84343	1.38927	181.577	
6.44667	0.0899413	3.09148	9.91588	7.71447	197.336	
5.37619	0.128488	3.04573	42.4359	-0.688704	216.147	
4.00394	0.178889	2.94929	11.6184	0.493679	234.423	
6.11102	0.101982	3.07891	11.9268	3.80754	195.194	
3.78405	0.187151	2.92686	13.1095	-1.03332	180.198	
6.04398	0.104391	3.07623	51.7089	-5.12799	179.645	
3.66117	0.191802	2.91306	-9.2797	-5.39707	208.94	
6.89066	0.0740639	3.10618	10.7897	1.15638	185.731	
8.01531	0.0340358	3.13599	-7.667	8.01996	163.128	
3.45978	0.199489	2.8881	-22.3442	-0.558675	177.996	
3.21116	0.209109	2.85248	-37.0477	4.77965	201.219	
4.36648	0.165409	2.981	-10.5009	11.7414	172.577	
4.26303	0.16924	2.97254	75.5327	-1.03166	169.516	
6.45807	0.0895331	3.09188	-12.7395	7.65231	177.42	
6.44018	0.090174	3.09125	38.8645	4.37455	196.529	
4.80078	0.149437	3.01234	5.1165	14.9115	174.653	
6.14169	0.10088	3.08012	13.6106	-2.05273	169.297	
4.13328	0.174062	2.96128	31.2286	-0.997445	213.501	
3.13895	0.211937	2.84094	-25.3257	3.14906	156.641	
5.41511	0.127079	3.04772	-20.1159	6.00433	191.269	
5.85062	0.11135	3.06814	-2.27948	-10.9983	192.345	
2.31745	0.245891	2.64779	11.519	2.0889	184.023	
5.4909	0.124335	3.05151	37.5284	6.16585	175.689	
3.93662	0.181411	2.94271	-7.86307	-0.0086687	200.195	
5.36113	0.129034	3.04495	3.72307	11.243	181.533	
13.3125	0.771577	0.282617	53.2201	0.665535	198.305	
6.67863	0.08164	3.09941	27.4267	22.552	171.704	
4.8711	0.146865	3.01686	-2.93764	10.3195	154.635	
5.85621	0.111148	3.06838	28.9757	-1.43547	174.1	
7.10232	0.0665118	3.11252	-24.1914	-2.53969	200.082	
3.19382	0.209787	2.84976	-44.1916	-2.9475	213.205	
6.18265	0.0994093	3.08171	21.5684	-1.9437	223.209	
6.7299	0.0798069	3.10109	-45.3209	-7.24972	230.574	
5.6486	0.118635	3.05907	-27.7523	-2.31996	196.964	
4.76849	0.150619	3.01022	-59.6496	15.2628	164.215	
7.02085	0.0694176	3.11013	40.8124	-2.48317	185.913	
4.74191	0.151593	3.00845	-2.91904	9.59967	171.456	
2.97177	0.218552	2.81178	1.49068	1.42496	170.537	
7.41385	0.0554133	3.12119	-38.923	7.57131	232.94	
4.84111	0.147961	3.01495	-11.7875	1.69448	179.346	
3.72575	0.189354	2.92044	-4.43078	5.34746	203.748	
7.32993	0.0584012	3.11893	5.12154	3.17239	232.413	
5.19046	0.135228	3.03579	27.7873	5.30241	155.671	
3.55779	0.195737	2.90063	-29.5022	2.37538	197.819	
4.40017	0.164164	2.98367	-63.6036	5.46004	157.218	
3.43244	0.200539	2.88446	-1.19562	-14.2023	217.445	
6.21727	0.0981666	3.08304	27.8875	-3.75913	171.666	
4.93041	0.144699	3.02057	-13.2347	2.01374	206.275	
5.3863	0.128122	3.04625	-15.5924	11.4755	184.542	
4.70597	0.15291	3.00602	-19.7909	9.21745	162.669	
4.43151	0.163007	2.98611	19.0813	-9.68295	186.266	
5.66973	0.117872	3.06005	16.9883	-1.76173	168.98	
7.03597	0.0688779	3.11058	-5.33544	-2.50239	188.816	
2.50362	0.237791	2.70524	-7.8222	-5.62259	213.153	
3.62328	0.193242	2.90859	-11.9692	0.220194	198.364	
5.61291	0.119924	3.0574	1.82049	-2.05016	186.006	
6.46337	0.089343	3.09207	25.6966	-10.7111	182.255	
5.04627	0.140474	3.02756	26.1796	20.3012	201.199	
4.37609	0.165054	2.98177	-35.2952	11.4908	190.957	
4.40113	0.164128	2.98374	-8.48751	-7.5995	157.502	
6.30354	0.0950712	3.08629	20.2867	-11.6906	188.039	
6.57504	0.0853453	3.09594	-28.2171	-11.1801	195.425	
5.82121	0.112409	3.06686	-15.9785	-2.92898	214.505	
4.64323	0.155212	3.00169	16.6112	3.20892	187.188	
2.14756	0.253646	2.58367	55.9524	9.70688	227.079	
5.34811	0.129506	3.04427	8.38283	5.40364	197.197	
5.53805	0.122629	3.05382	21.7093	-13.6466	176.32	
2.73724	0.228032	2.76383	-56.247	-0.174444	209.23	
4.03853	0.177596	2.95258	-43.2235	3.21629	192.855	
3.52796	0.196877	2.8969	-35.5442	0.281765	176.986	
4.05048	0.17715	2.9537	-6.65134	-14.0915	191.387	
5.76811	0.114323	3.06451	15.2753	14.7872	209.86	
2.82013	0.224651	2.78185	-20.4988	9.18334	199.496	
5.83054	0.112073	3.06726	21.0617	-1.61261	185.819	
5.50555	0.123805	3.05223	53.7559	-0.226751	191.003	
5.68007	0.117499	3.06053	9.10508	-3.00386	174.092	
6.91736	0.0731106	3.107	10.7517	-13.5695	180.019	
3.34149	0.204046	2.87189	-29.7077	-14.8906	170.675	
3.11666	0.212813	2.83726	-8.73196	5.96276	181.215	
6.29646	0.0953254	3.08602	30.202	17.0778	206.372	
5.49626	0.124141	3.05178	-8.58253	-3.33761	143.678	
2.64468	0.231855	2.74212	23.7923	-11.3474	159.576	
5.58745	0.120844	3.05619	45.4417	1.71487	208.048	
6.06643	0.103584	3.07713	-23.8802	4.15595	199.332	
7.0064	0.069933	3.1097	1.30473	15.2595	193.746	
3.41897	0.201057	2.88265	52.3993	15.7405	179.053	
5.90525	0.109382	3.07048	-0.584807	4.88518	204.485	
6.16616	0.100001	3.08107	-6.98979	12.2303	203.669	
5.12495	0.13761	3.03211	34.3384	0.0047157	199.875	
4.49597	0.160629	2.99102	15.8358	-5.42303	193.487	
6.212	0.0983559	3.08284	39.6505	2.62144	153.074	
4.74414	0.151511	3.0086	6.93777	-2.14307	171.834	
4.5895	0.157186	2.99788	31.7968	-2.39868	179.605	
4.2146	0.171037	2.96843	-4.71504	10.2644	203.58	
3.13569	0.212065	2.84041	48.4222	-9.95568	119.282	
8.05382	0.032669	3.13686	5.237	-6.32287	195.213	
5.67412	0.117714	3.06025	9.69894	-4.76001	198.803	
5.12038	0.137776	3.03185	-9.25246	5.09818	193.043	
5.65555	0.118384	3.05939	24.7553	3.75422	179.942	
4.71206	0.152687	3.00643	-36.9678	-14.6633	204.562	
5.75598	0.11476	3.06397	70.311	-12.4397	161.859	
3.8517	0.184601	2.93406	9.6787	-2.0655	218.105	
14.3633	0.808473	0.274682	-24.5465	4.05611	216.164	
4.2147	0.171034	2.96843	33.9991	-8.47426	190.639	
6.90854	0.0734257	3.10673	-3.34438	-5.45274	173.637	
6.51663	0.0874359	3.09393	26.8441	-3.60618	222.334	
4.13907	0.173846	2.9618	0.149392	-0.781568	206.94	
5.18568	0.135402	3.03553	-12.9821	-2.94186	208.261	
6.7958	0.077452	3.1032	1.78275	4.23781	199.368	
6.11208	0.101944	3.07895	-45.3481	1.23633	228.687	
5.8256	0.112251	3.06705	-4.2027	-6.52477	203.521	
7.0875	0.0670403	3.11209	-35.8641	-9.20142	217.954	
5.4675	0.125182	3.05035	3.35904	0.113625	170.77	
5.0766	0.13937	3.02933	59.9332	9.90338	203.754	
5.85881	0.111054	3.06849	5.65457	-20.1061	186.001	
2.49206	0.238285	2.70198	-7.61718	-17.0024	225.94	
6.24624	0.0971268	3.08414	11.9003	6.91824	131.895	
5.94985	0.107777	3.07236	-1.5791	-6.32281	203.094	
5.81045	0.112797	3.06638	40.9171	3.44445	193.599	
6.25593	0.0967794	3.08451	13.2209	-8.15487	162.266	
4.65816	0.154664	3.00273	-7.43225	-11.2435	176.842	
5.59644	0.120519	3.05662	35.0415	-10.3953	227.737	
5.28571	0.131769	3.04098	-53.3224	-1.32773	139.914	
4.05021	0.17716	2.95368	11.5314	-1.13051	223.019	
7.01796	0.0695204	3.11004	3.03182	-5.25236	157.462	
5.28427	0.131822	3.0409	-30.2803	4.02088	181.455	
4.97752	0.14298	3.02345	-30.8732	2.95364	163.872	
5.71458	0.116254	3.0621	-18.8943	-10.97	176.019	
5.18643	0.135375	3.03557	9.53125	-0.912844	178.957	
4.67227	0.154146	3.00371	22.2786	7.30342	184.829	
4.01632	0.178426	2.95047	14.1408	-4.76506	192.738	
3.39115	0.202128	2.87885	-30.7741	-5.33152	178.822	
7.01747	0.069538	3.11003	-0.399232	4.22788	195.964	
3.50797	0.197642	2.89436	-2.09644	-7.77323	231.519	
5.7087	0.116466	3.06184	-6.05378	6.18202	206.522	
3.99452	0.179242	2.94838	-27.2078	-10.5572	188.229	
3.99078	0.179382	2.94802	-34.6485	-10.8831	201.187	
13.2813	0.770483	0.282872	-3.92036	2.82453	227.676	
4.266	0.16913	2.97279	-43.8914	-3.39342	175.953	
6.17828	0.0995662	3.08154	15.9532	12.3923	218.132	
6.35235	0.0933214	3.08808	-9.47803	4.17091	199.787	
5.17553	0.135771	3.03496	-12.2645	8.54073	176.442	
5.0188	0.141475	3.02593	24.088	2.78926	178.688	
5.65455	0.11842	3.05935	-33.5763	0.413094	186.996	
3.61577	0.193528	2.9077	-5.36879	-1.00935	166.946	
3.7524	0.188346	2.9234	-24.7425	10.0132	216.25	
4.59257	0.157073	2.9981	-7.8224	3.84449	174.4	
4.14262	0.173714	2.96212	-9.02072	8.37675	160.819	
5.13148	0.137372	3.03248	19.302	-3.02188	211.232	
3.44619	0.20001	2.8863	6.10735	1.22962	215.36	
6.04366	0.104403	3.07621	4.68081	-7.42038	168.46	
4.68557	0.153658	3.00462	29.4455	1.92306	216.217	
6.18319	0.09939	3.08173	65.32	-1.51926	216.735	
5.53485	0.122745	3.05366	25.0496	10.9066	153.767	
4.65957	0.154612	3.00283	2.69699	15.8028	216.63	
4.05799	0.176869	2.9544	52.2585	-3.39144	172.581	
5.12837	0.137485	3.03231	8.22767	-11.9745	196.613	
4.67799	0.153936	3.0041	10.9778	-6.29885	178.574	
2.15258	0.253411	2.58576	-22.7537	-5.79514	201.354	
3.13764	0.211988	2.84073	-44.6999	-4.36352	196.223	
3.53812	0.196488	2.89818	-23.143	5.6197	206.2	
3.82449	0.185626	2.9312	23.2747	-5.69964	188.736	
5.85855	0.111064	3.06848	-16.4774	-10.2961	231.47	
3.99088	0.179378	2.94803	3.27433	1.57848	194.419	
5.05162	0.140279	3.02787	16.0496	-10.5835	204.321	
3.49592	0.198103	2.89281	-19.8096	-14.1271	201.437	
5.82831	0.112153	3.06717	67.793	-6.06191	240.272	
5.26328	0.132583	3.03977	-21.944	1.40583	204.352	
6.2201	0.0980651	3.08315	4.56819	13.2329	181.963	
5.26226	0.132621	3.03972	0.631658	4.74293	192.674	
5.25527	0.132874	3.03934	32.9661	-7.76952	176.578	
5.78763	0.113619	3.06538	1.60437	1.67014	185.16	
6.92034	0.0730042	3.10709	-13.2338	2.02374	143.188	
6.54491	0.0864236	3.09491	-7.27157	-10.3073	203.327	
4.53118	0.159332	2.99363	33.0465	6.75526	208.558	
6.19085	0.0991149	3.08203	16.7795	5.77453	200.903	
3.47537	0.19889	2.89015	7.59453	0.555901	143.873	
3.81863	0.185847	2.93058	-0.859871	-5.37074	155.734	
4.2131	0.171093	2.9683	-30.0926	-9.00014	161.056	
1.80798	0.27105	2.39828	7.98142	24.2569	241.523	
6.52889	0.0869971	3.09436	17.2794	10.0973	204.1	
3.78011	0.1873	2.92644	22.5874	-3.28578	193.295	
2.64974	0.231644	2.74335	-31.1564	5.68663	177.394	
4.52106	0.159705	2.99289	-16.966	-0.579733	182.969	
6.35443	0.0932467	3.08816	1.22647	-14.9781	214.438	
3.492	0.198253	2.89231	0.325692	-3.19968	175.19	
3.4558	0.199641	2.88757	13.0148	-1.44389	246.919	
2.85579	0.223207	2.78922	-39.8592	-1.43333	183.008	
6.45742	0.0895561	3.09186	5.51998	-11.3015	217.982	
5.42295	0.126794	3.04812	-7.64817	9.88201	173.513	
3.4303	0.200621	2.88418	-2.72707	2.51158	220.29	
5.15299	0.13659	3.0337	73.7578	4.75052	215.683	
3.7166	0.189701	2.91941	12.2678	-4.28255	212.152	
5.62916	0.119337	3.05816	15.858	22.2708	173.422	
4.34982	0.166025	2.97967	-32.7343	0.512893	170.77	
5.00821	0.141861	3.0253	-10.1661	-8.22814	147.214	
3.67449	0.191297	2.9146	23.5852	1.17005	186.406	
3.49019	0.198322	2.89207	-53.1232	9.44994	162.404	
3.50093	0.197911	2.89346	-48.7006	-1.32424	174.367	
3.77842	0.187364	2.92625	-4.87865	13.4134	168.094	
6.61623	0.0838714	3.09733	10.959	-17.2871	204.35	
6.11789	0.101735	3.07918	-56.7082	12.4491	176.153	
4.58219	0.157455	2.99735	58.7835	-0.132584	198.524	
6.65374	0.0825299	3.09858	-12.3739	-11.077	188.92	
3.39929	0.201815	2.87997	68.6273	-0.267032	148.474	
4.42583	0.163216	2.98567	50.0225	-12.4011	173.832	
5.09472	0.13871	3.03038	-14.7981	-9.73197	208.021	
4.24663	0.169848	2.97116	24.6514	-4.447	222.685	
4.10024	0.175293	2.9583	-97.1392	-6.41516	217.325	
6.9726	0.071139	3.10868	19.721	5.10525	177.536	
4.24373	0.169956	2.97091	44.7072	10.7921	182.774	
5.19157	0.135188	3.03586	-12.4039	6.22336	200.189	
4.83429	0.148211	3.01451	-44.0372	11.9898	208.78	
6.91684	0.0731291	3.10698	-1.47838	15.1711	224.045	
5.84683	0.111486	3.06797	-67.1964	0.424754	187.033	
4.70257	0.153035	3.00579	-0.056847	3.46809	183.592	
4.09712	0.175409	2.95801	30.1915	-0.241637	186.417	
3.17072	0.210691	2.84609	-1.68778	-10.6438	200.495	
4.03009	0.177912	2.95178	-14.4886	-1.1185	175.688	
3.64849	0.192284	2.91157	-36.9581	-8.56407	177.008	
4.00783	0.178744	2.94966	-24.9573	-12.7348	218.186	
5.33846	0.129856	3.04377	-5.44107	4.02575	185.256	
3.68701	0.190822	2.91604	34.0884	6.87833	213.343	
3.67911	0.191121	2.91513	-9.58478	12.0208	196.34	
3.71764	0.189662	2.91952	52.5532	7.9639	163.761	
3.17104	0.210678	2.84614	-19.9637	-7.94453	223.128	
4.04012	0.177537	2.95273	10.0513	-11.9771	160.891	
6.55415	0.0860928	3.09522	19.8233	-12.5987	190.792	
3.27107	0.206776	2.86162	-9.1953	-2.65863	189.923	
6.04238	0.104449	3.07616	1.50611	-2.30278	222.152	
5.33857	0.129852	3.04377	-47.6071	2.53216	201.392	
5.11644	0.137919	3.03163	2.77051	-0.399851	197.251	
2.45555	0.239851	2.69146	-25.9249	8.71683	188.426	
4.51806	0.159815	2.99266	-90.3839	-8.12956	228.31	
3.98169	0.179722	2.94714	14.3952	13.4367	222.791	
6.23994	0.0973531	3.0839	4.10525	3.80843	175.732	
6.32367	0.0943497	3.08703	9.23651	-5.49331	192.499	
5.87275	0.110552	3.06909	24.767	-5.07282	186.494	
7.29178	0.0597598	3.11789	-1.89287	7.07963	193.858	
3.16166	0.211046	2.84464	-7.93739	-2.10393	175.646	
6.02738	0.104988	3.07555	-46.119	3.64725	219.916	
5.01394	0.141652	3.02564	3.24512	11.8646	216.498	
7.47027	0.0534053	3.12268	6.34403	-1.67007	221.384	
5.54957	0.122213	3.05438	10.2962	-17.6235	228.418	
4.99087	0.142493	3.02426	-11.3501	-3.2407	220.394	
3.74388	0.188669	2.92246	-22.185	5.12172	209.963	
6.86629	0.0749342	3.10542	-37.785	4.45463	203.662	
3.52376	0.197037	2.89637	10.7013	-2.45159	156.99	
4.68763	0.153582	3.00477	-29.9261	1.23031	192.554	
3.87313	0.183795	2.93628	-23.896	-3.17275	175.789	
2.4017	0.242183	2.6752	36.5353	14.5108	171.286	
6.18111	0.0994646	3.08165	-62.6059	-11.4312	169.788	
7.10488	0.0664204	3.1126	-4.3335	-2.67898	209.809	
4.64208	0.155254	3.00161	33.1139	-1.10723	209.951	
5.15385	0.136559	3.03375	-39.5563	-8.88387	167.438	
5.45167	0.125755	3.04956	-33.9998	14.6242	158.879	
4.0669	0.176537	2.95523	-9.82937	-1.77577	196.746	
4.89006	0.146172	3.01806	-44.0926	-0.656033	205.776	
3.92762	0.181749	2.94181	-17.559	-9.0925	143.72	
4.974	0.143108	3.02324	-1.54954	-7.78336	198.079	
5.20946	0.134538	3.03684	-8.08337	11.2924	194.73	
4.17772	0.172408	2.96522	-33.1526	-8.64594	162.803	
3.58623	0.194652	2.90413	9.05694	-7.78009	205.77	
3.70503	0.190139	2.9181	41.2941	-5.41223	195.909	
3.28499	0.206235	2.86369	30.2634	0.281351	217.644	
4.06428	0.176635	2.95499	-48.0482	9.5172	177.454	
6.67806	0.08166	3.09939	-10.3289	1.10097	146.032	
6.38719	0.0920725	3.08935	-4.33252	16.1077	211.55	
5.40423	0.127472	3.04716	-23.4909	-3.32474	194.009	
4.10438	0.175139	2.95868	13.8819	-2.80549	207.654	
4.94466	0.144179	3.02145	24.1054	2.16491	150.488	
3.26422	0.207042	2.86059	25.7821	13.0889	166.507	
4.83952	0.14802	3.01485	-5.11362	6.31922	175.749	
2.74508	0.227711	2.76559	-28.7442	-6.6025	232.835	
5.50828	0.123706	3.05237	-2.73884	2.01378	163.708	
5.22275	0.134055	3.03757	-83.7879	4.13342	182.653	
4.22799	0.17054	2.96957	6.39902	3.85249	187.365	
4.43514	0.162873	2.98639	20.5643	4.09348	167.638	
4.1344	0.17402	2.96139	24.5764	-5.12002	172.563	
6.67159	0.0818914	3.09918	10.6478	18.97	165.744	
6.5583	0.0859443	3.09537	-9.62527	-0.724964	177.843	
6.16438	0.100065	3.081	53.1428	-3.74932	206.72	
4.98869	0.142573	3.02413	42.6326	-4.70121	168.977	
4.27366	0.168846	2.97343	0.160771	0.389839	183.773	
4.62263	0.155969	3.00024	-22.1217	-4.04156	166.361	
3.48524	0.198512	2.89143	28.2395	5.61031	168.236	
2.31398	0.246046	2.64661	105.401	3.21821	201.343	
7.88023	0.0388316	3.13286	38.5569	5.7862	244.343	
3.47264	0.198995	2.88979	-8.12249	-4.43589	149.171	
4.4649	0.161775	2.98867	-71.6418	-11.7653	184.629	
5.4966	0.124129	3.05179	-19.3901	13.3824	203.934	
6.21587	0.0982169	3.08299	31.7602	12.3559	197.137	
6.48285	0.0886456	3.09275	7.20929	-2.93569	193.777	
4.97432	0.143096	3.02326	-53.647	-1.8276	172.254	
5.09972	0.138528	3.03067	-26.8435	-0.844163	126.946	
3.78021	0.187296	2.92645	-0.650649	-0.000265579	200.497	
2.53559	0.236433	2.71404	19.7064	-1.8593	176.385	
5.77317	0.114141	3.06474	-3.30961	-3.89898	184.914	
4.02649	0.178046	2.95144	-0.0968071	4.63655	172.502	
5.61413	0.11988	3.05745	28.5318	0.891915	173.118	
4.40574	0.163958	2.9841	27.692	-3.06172	161.857	
3.94026	0.181275	2.94307	-45.9033	1.14492	158.522	
3.29268	0.205937	2.86482	48.3802	-4.54232	137.806	
2.8237	0.224506	2.78259	44.5933	8.64385	222.544	
4.26263	0.169255	2.97251	-5.69929	-12.3606	207.085	
2.45841	0.239727	2.6923	-32.9646	-2.86585	165.681	
3.73762	0.188905	2.92176	-41.504	6.05611	204.114	
3.20776	0.209243	2.85195	11.4622	5.09807	192.445	
4.15004	0.173438	2.96278	9.5267	-2.46552	208.897	
6.84613	0.075654	3.10479	-5.96339	-11.0382	221.39	
3.73972	0.188826	2.922	4.29482	-4.2869	222.279	
4.87069	0.14688	3.01684	-7.33892	-0.693695	181.907	
5.56811	0.121543	3.05527	3.66819	1.99351	234.923	
5.27034	0.132327	3.04015	-23.4407	6.39151	243.657	
3.98474	0.179608	2.94744	40.16	25.3383	100.389	
5.35727	0.129174	3.04475	-6.48824	-7.3326	178.483	
6.28714	0.0956597	3.08568	25.8935	5.83209	191.348	
5.18139	0.135558	3.03529	-20.0185	-9.97067	187.84	
5.27259	0.132245	3.04028	-3.97853	-13.7451	198.923	
4.36663	0.165404	2.98101	-41.5227	0.454323	196.31	
6.5729	0.0854221	3.09587	-55.9194	5.45466	211.785	
6.34155	0.0937086	3.08769	21.4978	1.61515	217.193	
2.938	0.219901	2.80542	-36.6777	4.89516	209.626	
7.59222	0.0490671	3.12583	-31.2654	2.74099	225.284	
5.30833	0.130949	3.04218	15.693	1.76501	215.966	
2.79201	0.225794	2.77588	40.8197	2.94407	170.755	
7.37614	0.0567559	3.12018	-38.6406	-0.00132663	175.366	
7.00377	0.0700267	3.10962	-42.4949	15.8491	226.988	
5.91805	0.108921	3.07102	-16.1278	1.01975	208.142	
4.44951	0.162342	2.98749	79.4757	8.07334	183.127	
5.90167	0.109511	3.07032	-29.6161	-1.74355	211.873	
3.58634	0.194648	2.90414	-34.3118	-16.1553	193.285	
6.14568	0.100737	3.08027	57.2019	10.6103	184.083	
5.31583	0.130677	3.04258	33.0417	7.56906	173.238	
7.37932	0.0566425	3.12027	-9.0083	9.52841	221.281	
4.60247	0.156709	2.99881	24.7164	-2.60986	201.539	
4.39349	0.164411	2.98314	-26.8782	0.101816	174.751	
5.11396	0.13801	3.03148	30.0332	0.983807	169.921	
4.60831	0.156495	2.99922	34.4253	-1.03159	182.589	
3.97205	0.180083	2.9462	1.75664	-15.6172	184.632	
5.56103	0.121799	3.05493	22.9102	14.0365	192.401	
5.25516	0.132878	3.03934	-0.267217	0.564929	204.502	
5.98851	0.106386	3.07396	-2.35451	-10.7137	163.432	
3.09571	0.213638	2.83374	24.3454	3.30445	173.833	
4.4036	0.164037	2.98394	-15.8458	7.35121	150.093	
2.65665	0.231358	2.74503	-28.0613	0.19836	217.214	
5.3881	0.128057	3.04634	17.8411	4.20808	134.108	
5.97422	0.1069	3.07337	26.7315	-7.16174	205.47	
5.96083	0.107382	3.07281	22.4047	21.7724	203.388	
5.70935	0.116442	3.06187	-47.63	-5.70891	215.326	
2.55813	0.23548	2.72008	-12.0483	-3.96829	232.957	
5.4147	0.127093	3.0477	39.7368	4.38207	215.713	
4.51369	0.159976	2.99234	-16.6696	15.9292	155.583	
6.11997	0.10166	3.07926	-22.2964	3.06066	203.053	
4.93049	0.144696	3.02058	30.8327	3.70143	189.573	
5.1219	0.137721	3.03194	-12.6988	5.35744	181.611	
6.38318	0.092216	3.08921	-11.878	-2.3252	204.886	
7.46639	0.0535433	3.12258	-14.6981	-10.1294	186.984	
3.15441	0.21133	2.84346	-48.8875	-3.55454	141.922	
4.93649	0.144477	3.02095	-33.4386	7.15296	190.919	
4.60256	0.156706	2.99881	-15.5925	-2.60074	192.873	
5.05766	0.140059	3.02823	-7.02485	-7.06286	208.954	
3.73306	0.189078	2.92125	16.9729	-10.4536	181.491	
4.41825	0.163496	2.98508	77.2812	4.69829	175.47	
2.39968	0.242271	2.67457	52.2646	18.6886	172.564	
6.50083	0.0880016	3.09338	4.50306	4.36944	211.999	
3.90011	0.182781	2.93904	44.3901	2.19893	208.827	
3.85271	0.184564	2.93416	51.7207	11.1971	183.208	
4.02321	0.178169	2.95113	30.2316	13.744	179.663	
4.29266	0.168142	2.97501	-35.8372	-4.69347	181.569	
3.7146	0.189777	2.91918	-2.24743	1.08066	196.301	
5.6242	0.119516	3.05793	-26.7462	15.6891	245.671	
4.18801	0.172026	2.96612	27.2731	-14.9934	190.598	
3.75336	0.18831	2.92351	28.2689	6.41153	232.244	
3.97312	0.180043	2.94631	-27.7572	1.27417	194.895	
3.73203	0.189117	2.92114	-46.8836	-4.82454	220.802	
5.72069	0.116033	3.06238	20.7052	-9.60839	191.284	
4.42015	0.163426	2.98523	-21.9416	9.45293	179.543	
3.12971	0.2123	2.83942	68.61	6.30454	204.407	
2.70046	0.229545	2.75541	78.0517	1.38466	231.328	
4.73069	0.152004	3.00769	11.5018	3.24412	199.752	
2.67351	0.230659	2.74907	-12.6441	20.2199	214.287	
3.79989	0.186553	2.92857	6.06397	-3.57953	162.814	
6.20368	0.0986543	3.08252	-45.0652	-5.36487	242.515	
5.78197	0.113823	3.06513	5.09985	8.43115	200.421	
4.45397	0.162178	2.98784	1.70463	-4.80253	225.6	
6.41894	0.0909348	3.09049	11.1465	0.169161	163.033	
6.31887	0.0945217	3.08686	12.9206	-4.10254	184.817	
6.24494	0.0971734	3.08409	-10.316	-8.6881	230.366	
4.90598	0.145591	3.01906	-53.6945	-3.05238	191.877	
5.3194	0.130547	3.04277	19.2567	8.20813	199.734	
5.67634	0.117634	3.06035	20.8575	-6.00251	166.47	
4.44621	0.162464	2.98724	-7.58278	-3.74146	218.734	
3.8907	0.183135	2.93808	6.20017	8.2937	185.933	
2.79395	0.225715	2.77629	3.18068	-12.488	180.54	
3.02174	0.216564	2.82088	27.6915	-6.25925	180.891	
5.32438	0.130367	3.04303	22.08	-7.84454	168.689	
5.91551	0.109013	3.07091	47.017	-14.2101	194.526	
2.85558	0.223216	2.78918	-23.3153	-5.42896	195.5	
4.86357	0.14714	3.01639	14.4465	2.48336	170.539	
5.77422	0.114103	3.06478	-14.1562	2.19266	236.715	
5.47577	0.124882	3.05076	2.85659	8.81625	180.049	
5.90057	0.109551	3.07028	-28.816	1.13072	176.482	
5.37759	0.128438	3.0458	-71.7342	-8.04918	204.654	
4.05966	0.176807	2.95456	2.617	-3.73054	171.544	
2.82679	0.224381	2.78324	-32.7759	-2.12387	223.338	
4.97472	0.143082	3.02328	-36.6443	7.0399	156.237	
6.71491	0.0803428	3.1006	-11.3061	6.85471	177.279	
6.42665	0.0906585	3.09077	1.94064	-4.0889	149.789	
4.81007	0.149097	3.01295	-15.5595	20.4212	165.692	
2.96493	0.218825	2.8105	-32.8987	-4.61863	190.836	
5.0824	0.139158	3.02967	35.3733	-7.72882	198.532	
5.89973	0.109581	3.07024	-30.1003	8.61982	222.77	
6.82157	0.0765312	3.10402	-34.5258	-1.71544	191.813	
5.56691	0.121586	3.05521	-48.5989	3.54257	188.183	
5.04979	0.140346	3.02776	48.7216	-1.85606	189.095	
3.25819	0.207277	2.85968	-9.47926	0.379059	197.491	
5.1292	0.137455	3.03235	-36.4657	0.38047	154.487	
4.80332	0.149344	3.01251	-23.4471	-14.2812	167.198	
4.11638	0.174692	2.95976	-28.0106	-1.15349	148.713	
4.7907	0.149806	3.01168	-18.2272	5.72381	158.287	
5.15569	0.136492	3.03385	0.513121	-2.06877	193.976	
5.50795	0.123718	3.05235	-4.72745	0.5968	189.125	
4.89704	0.145917	3.0185	-8.12732	15.1398	155.543	
7.09714	0.0666964	3.11237	-39.1795	-13.0507	212.729	
2.68683	0.230108	2.75223	34.1649	2.82742	192.393	
4.50037	0.160467	2.99135	-10.3403	1.32894	225.973	
4.83157	0.14831	3.01434	-13.7746	-7.15898	201.253	
6.01116	0.105571	3.07489	0.874412	0.870314	186.107	
2.89784	0.221512	2.79764	-5.89575	-4.27138	175.078	
5.83768	0.111816	3.06757	-37.5303	6.24277	184.62	
4.69943	0.15315	3.00557	51.3911	-15.4888	208.02	
6.74535	0.0792547	3.10159	25.5412	-3.12255	160.33	
3.77232	0.187594	2.92559	-24.4975	-9.03448	169.704	
6.03931	0.104559	3.07604	-25.7524	2.20918	171.359	
3.41271	0.201298	2.8818	-32.5005	6.78986	205.014	
5.24549	0.133229	3.03881	-26.7384	-3.09337	144.108	
3.41682	0.20114	2.88236	103.114	-5.69367	169.115	
6.8583	0.0752193	3.10517	21.3381	-0.308768	196.775	
4.49295	0.16074	2.99079	9.28196	5.60707	196.295	
6.48719	0.0884899	3.09291	-0.304203	-10.5922	177.665	
4.3347	0.166585	2.97845	36.6051	6.09534	202.561	
5.26582	0.132491	3.03991	16.6842	-4.14527	184.275	
4.4135	0.163671	2.98471	6.70347	-7.88716	172.615	
5.12007	0.137787	3.03183	-16.1982	-3.97752	167.879	
4.63689	0.155445	3.00124	7.72388	-5.4693	173.764	
3.19684	0.209669	2.85024	1.29781	-4.62792	210.689	
4.81133	0.14905	3.01303	27.992	-12.4746	188.618	
3.6662	0.191611	2.91364	-15.9023	-5.01454	214.326	
6.15738	0.100317	3.08073	-66.6593	5.97438	184.973	
3.62445	0.193197	2.90873	41.6643	-13.7239	160.645	
4.57133	0.157855	2.99657	46.8557	-6.7736	197.122	
3.91321	0.182289	2.94036	6.15259	15.9611	191.177	
4.90401	0.145663	3.01893	-11.6945	-14.2563	184.77	
5.02195	0.14136	3.02612	-68.2998	6.13336	176.791	
