13.9712
14.9982
12.0722
14.0622
12.9753
13.5919
13.3863
13.0373
14.9077
13.3319
14.4643
13.4105
14.2463
13.4472
14.6493
13.6521
14.681
12.29
12.2558
13.1549
10.2604
11.8605
12.3581
10.7606
14.8715
12.693
14.1094
13.9094
13.5537
13.6817
14.5352
12.4631
14.6333
13.5765
12.9465
13.732
10.1966
13.3083
13.2361
14.0126
14.2367
13.8733
11.1324
13.8812
14.5362
13.9466
13.8403
14.4359
14.9902
13.844
14.4502
13.7296
12.8278
13.6151
10.5454
14.7284
14.7749
14.484
14.8037
14.7678
11.6782
14.1945
13.6796
14.5345
13.3421
13.7814
11.8727
13.129
13.5403
11.1937
11.7385
14.539
13.9895
14.6199
13.3558
14.7218
14.2681
12.1539
14.9093
14.3762
14.1105
14.9646
14.287
13.7604
14.115
14.5606
13.9991
11.5559
12.6418
14.7524
13.0984
10.4931
10.1609
14.7377
14.5744
14.8599
14.5723
13.9997
12.5856
12.0779
14.32
13.4137
14.7098
12.4887
10.4483
14.8385
14.6537
13.2086
14.1113
14.133
14.6815
13.1505
10.4724
14.9601
14.7006
10.8513
13.7011
14.7061
14.23
13.312
12.7753
14.9916
13.7544
14.4529
12.6764
12.9139
12.2886
14.9578
11.7203
11.7628
13.386
13.975
14.8749
12.6249
12.2231
14.2859
12.803
14.6503
12.8424
13.6092
14.9896
13.7695
14.6651
13.5565
11.8321
12.5012
14.565
14.4396
12.2857
12.1814
14.8127
14.3697
14.48
12.9386
12.4871
11.9334
14.9987
14.5344
13.6795
14.0368
14.1638
14.0934
10.5887
12.8041
13.9099
13.6982
14.3229
11.1918
13.2721
11.1167
14.8568
13.244
13.5974
13.284
14.76
12.6685
12.6516
14.8245
14.6681
13.3305
14.6795
14.5153
14.6035
13.6523
13.9883
14.1931
13.9108
12.9972
14.894
13.7939
13.3125
14.359
12.3025
14.4224
14.5727
13.9529
14.4223
13.4186
13.0043
12.6511
13.1764
13.5019
13.8567
14.6651
14.8563
14.8903
14.6852
14.2581
11.7356
14.6197
14.2714
14.2114
14.6023
14.5283
14.9413
14.4726
14.8705
14.7592
14.9703
14.0231
12.5586
12.6417
14.8304
12.5319
14.8177
13.1301
12.9017
14.1743
12.6669
14.6056
13.4751
12.1195
12.8467
14.7377
13.7147
14.1015
12.7422
11.9518
11.0659
14.5928
14.9635
14.6357
14.6173
12.1532
13.764
14.8484
14.9179
14.3394
12.9598
13.9478
12.2557
12.1509
13.8407
12.7583
13.9561
11.0374
11.643
14.8464
14.6976
14.1087
14.4335
14.1857
13.652
14.9516
12.7309
14.8056
13.5641
13.5066
14.3342
13.747
13.4739
11.3538
14.5105
14.6379
14.1991
11.9322
14.8695
14.5883
12.4274
11.8476
14.8008
14.9216
14.7344
14.6392
13.0526
13.0777
13.3436
11.8925
13.4816
14.8777
13.7962
13.0952
14.5022
14.1256
13.9532
14.2147
13.784
13.0933
11.1388
12.3503
14.2335
13.9272
14.4866
13.9831
13.2158
13.3414
13.5946
12.4902
14.7954
13.3994
12.2806
14.562
12.7411
14.2526
13.5877
14.2186
13.6003
14.0186
14.0428
14.6242
14.6404
13.5982
13.5772
14.8486
11.8879
14.7458
14.3712
12.996
10.7716
10.3302
13.9072
14.6744
14.798
11.2504
12.0261
13.5173
12.0267
13.213
14.9828
11.915
14.7229
14.8466
13.2982
14.3771
14.7896
14.1895
10.9354
13.517
14.4512
13.274
14.8493
14.3656
13.8739
14.6952
14.4404
13.1674
14.807
14.3051
14.9164
13.3676
14.6454
13.2088
10.2496
14.8969
14.5464
12.8955
13.1733
13.5551
14.665
13.801
14.8858
13.542
13.4837
13.28
13.999
12.573
14.8025
13.7161
10.2978
14.576
12.484
11.3155
11.081
13.5635
14.9389
13.6053
14.9034
14.9381
14.9735
14.1963
14.2863
14.6086
13.432
12.8101
13.8897
14.4179
11.0643
14.3898
14.6899
14.24
14.9046
14.4324
13.6901
13.5757
12.2122
14.3192
12.6717
13.2303
13.5426
12.6128
12.1813
13.3074
13.0242
13.5843
12.8162
14.2213
13.2384
13.8589
13.7296
14.4374
14.5083
12.2691
14.0362
14.0558
13.7924
14.3377
13.7269
14.3985
14.7517
13.4976
14.0113
10.64
13.5594
14.6965
14.8329
14.9746
14.4542
14.2504
11.0206
14.608
14.3029
14.3241
10.4199
14.7544
13.8643
14.4439
11.7476
12.6198
13.376
14.8302
14.2767
13.562
14.2118
14.0359
13.2299
13.9027
14.1257
14.842
14.4704
14.9714
14.9466
14.669
12.5944
13.2629
13.521
14.0392
11.9388
14.8063
14.5574
14.0592
14.7449
14.3818
14.9053
14.2254
14.1808
14.8283
14.0565
14.2494
14.3288
13.2521
13.9399
14.3149
13.5542
13.7365
14.6714
12.758
14.6235
12.5871
13.3349
13.2155
14.8378
13.0709
12.4348
14.9287
14.2929
11.4673
12.3707
11.8983
14.3791
14.7242
14.7063
14.5242
13.871
14.0083
13.2756
13.7031
10.2649
14.9565
14.4869
13.6777
14.6535
13.4039
13.6911
14.1235
13.8802
14.1922
14.2274
13.7917
14.4393
13.017
14.6231
11.7742
13.6958
12.3329
13.1385
14.7341
13.9906
12.3636
13.7183
13.1746
11.5112
11.7263
12.6171
14.9758
11.0327
12.3593
11.2496
13.5384
13.1373
13.7842
13.5776
14.3393
13.9958
14.7532
10.6929
12.7617
14.2059
13.1547
10.4721
14.8611
14.0858
13.6099
14.329
14.5987
13.0906
14.8387
14.4047
14.2589
14.582
10.9693
14.9973
14.1222
14.7971
14.9567
14.1398
11.2778
14.8178
14.1435
13.9663
14.927
14.6539
13.6515
13.4654
14.4821
12.8744
13.2347
11.4042
14.8938
13.8379
13.1822
12.3264
13.005
11.6034
14.7965
13.0204
13.4908
12.8252
14.3896
12.5075
12.5398
12.8908
14.3879
12.8477
14.0604
14.9453
13.9876
12.9416
13.9215
12.3853
14.5741
13.9311
14.506
14.9794
11.8073
14.0829
13.734
12.5789
14.8394
12.8176
12.678
14.7627
14.9355
14.6359
13.401
14.5488
14.7867
14.2657
13.4366
14.4386
14.3839
14.1915
14.8685
13.9698
14.4308
14.9697
13.1124
13.8799
12.6811
13.3568
14.1848
13.3242
14.347
12.6938
14.1246
11.4723
14.8189
10.467
10.0481
14.4069
12.9105
14.7117
13.7622
14.7588
12.0699
12.246
14.9925
13.3874
12.5207
14.7936
14.7819
13.1725
14.8342
12.4772
13.5906
14.7823
14.9885
14.0181
12.8661
13.0133
12.4409
14.7664
13.5499
11.6658
13.883
14.9619
14.9214
14.1494
14.9163
13.4516
14.7624
14.4974
14.0645
14.6414
10.7278
14.459
10.9467
12.8591
14.6739
14.2389
14.1469
13.5372
14.7944
13.9615
10.5802
13.2613
12.226
12.0348
14.8043
14.6933
14.4214
14.7501
14.4813
13.4256
13.6896
13.8294
14.8026
12.8725
14.8413
10.9135
12.691
13.3644
14.5194
13.4538
11.3478
10.7387
14.7279
14.1232
11.2528
13.9296
13.4212
14.9337
13.7598
14.1211
11.8945
14.7243
13.2455
14.7972
14.7446
12.495
13.2116
14.115
13.9674
14.6011
14.5428
12.3909
13.244
14.772
14.426
10.8815
10.979
14.5794
14.1155
14.0614
10.4193
13.5166
13.5399
13.0086
12.7112
12.7775
13.5712
12.4833
14.4666
14.9619
14.9835
11.5287
14.495
13.6386
12.0799
13.3963
13.8524
13.0964
14.4688
14.5473
13.5692
14.8089
12.8016
13.79
13.9548
14.5032
11.3233
14.0255
14.5941
13.0108
10.6799
14.491
14.8417
13.5951
10.8509
14.7651
14.1735
14.8336
14.6434
14.6481
14.1202
13.3737
14.9678
14.4127
14.2821
14.9358
14.7632
12.951
14.6361
14.0078
14.2275
12.5264
12.8506
14.0489
11.7139
14.9262
12.7935
13.7877
14.8481
13.771
14.2423
14.5257
13.5421
12.9308
12.8207
14.0097
14.011
14.8904
13.2662
11.9424
14.5361
11.4529
14.1438
14.7411
12.3166
13.8526
14.5084
11.6833
13.7795
13.4926
13.4524
14.4283
12.3678
14.55
14.5774
13.8812
13.8022
11.8342
14.2404
11.9435
14.0548
13.7598
13.8109
11.0997
13.3383
13.0376
14.5586
14.4887
11.528
13.2333
11.9679
11.8099
14.4611
13.6011
14.9928
12.1646
11.8651
12.3955
14.1227
14.9165
12.9726
14.4972
10.1978
10.0818
14.4655
14.9162
14.6035
14.736
12.8461
14.4527
13.5053
13.5042
14.4221
13.3292
14.8201
10.8852
14.5686
13.7212
14.5645
13.3496
13.4043
12.5109
14.0454
11.4367
12.504
13.7738
13.2261
14.1885
12.5924
14.7179
14.3728
14.3576
12.4814
12.058
14.1651
13.3617
14.3671
13.0883
11.6683
14.1444
12.8055
12.7844
10.8904
13.5255
13.6734
14.7845
14.3154
13.5355
14.2566
12.8155
10.1118
12.1075
13.1631
13.2715
14.0212
13.6886
13.7773
11.7475
13.0323
12.373
13.7143
12.6763
14.5394
14.3663
13.8293
14.1606
12.7657
14.0315
14.4528
13.677
14.7939
14.3505
14.8154
14.0067
14.2088
13.8917
13.1257
12.5887
13.9631
14.9061
14.6696
13.6907
14.1872
14.6633
14.2314
13.6579
12.7272
14.8336
14.8087
14.6144
14.0202
14.5847
10.9145
11.6571
14.1102
13.8098
14.9289
14.6784
14.0126
13.7622
14.0131
13.9463
14.4943
14.225
12.8291
11.485
13.2463
14.241
10.169
14.8261
14.1843
14.8156
14.3232
14.4898
14.4248
11.3357
13.0122
13.4978
13.5858
14.0494
13.0195
14.804
13.5175
13.1728
12.1572
13.4507
13.5291
13.7754
13.131
13.733
13.5624
14.9532
12.291
13.8826
13.163
12.0664
10.73
13.0168
12.1332
14.4448
12.6746
12.3915
13.5963
14.7891
14.0033
14.4102
14.3457
10.9906
13.8002
12.6813
14.3877
13.3681
14.6693
14.0618
14.4003
11.7358
14.9405
13.2204
14.2868
13.1316
14.2786
14.2966
13.2082
11.8048
13.2283
14.079
14.0051
14.8635
13.528
12.8576
14.5726
13.2265
12.2776
13.1613
14.7509
14.9325
13.9443
14.5005
14.6932
14.7819
14.8588
14.7474
14.2637
13.8785
13.2758
13.4709
14.7241
12.1757
14.9068
14.5575
14.9503
13.2671
13.6696
14.3666
14.085
14.9917
14.7223
14.7268
14.4417
13.7764
12.2468
14.5985
12.8706
13.2861
14.56
14.1607
13.0949
14.3802
14.6796
14.048
13.5822
14.3997
12.1491
14.5927
12.7306
14.3022
11.0327
14.8923
14.1384
14.3795
13.1573
13.8565
11.9552
14.7488
12.725
14.5671
13.5919
13.5112
14.0703
14.6726
11.2078
11.7889
13.1548
14.5917
14.9698
11.5744
14.5163
13.9647
13.7868
10.8014
14.8438
12.529
14.6173
12.6179
14.661
13.2975
11.6702
11.1458
14.9987
14.0886
14.0314
14.1765
13.6508
14.6798
14.0284
13.6214
13.1741
14.9955
12.7387
13.687
10.5763
12.5107
14.5797
14.7998
13.263
14.6434
14.8129
14.8157
11.7514
13.2375
14.6458
10.2611
14.2956
14.9542
13.2487
14.7513
14.0537
12.9388
13.7652
12.7475
14.9023
10.989
13.5444
13.5515
14.0819
13.617
14.1235
14.341
14.547
13.1642
12.8669
10.1233
13.8655
13.8161
14.6392
13.1779
14.8657
10.514
14.1069
14.7288
14.6766
13.3363
11.6653
14.8263
13.2252
14.0563
14.6888
12.671
13.3795
14.6389
14.1497
14.2204
11.1326
14.9144
14.6339
13.9716
14.7549
13.57
14.1693
14.0994
14.7948
13.5569
11.6949
14.9044
14.1313
13.3609
12.7002
10.119
14.0979
13.9533
13.2404
14.7481
13.9445
14.8554
14.4725
11.4679
12.3692
14.9933
14.3456
14.9264
14.3242
14.0143
14.1641
13.418
13.6751
13.2943
14.4
14.8568
12.3391
14.409
14.9766
13.5896
11.2686
14.5075
13.8464
14.9701
11.6511
14.1613
10.8794
12.4025
12.6896
12.4968
12.1515
13.3096
14.6799
13.9958
13.5837
14.4967
14.7324
14.1414
13.6738
14.6502
14.5923
13.3735
12.4359
13.7423
12.8928
13.0177
12.066
14.2215
12.1524
14.4735
11.9486
14.2648
12.0331
12.4866
14.1758
13.8895
14.6169
11.9744
14.8819
14.9424
14.1455
14.6336
14.4808
13.6737
14.7639
12.3764
14.5047
13.041
11.9515
14.6405
14.651
14.8835
13.6188
14.4432
14.5668
11.889
14.5056
13.8673
14.4282
12.9086
13.0399
13.4895
13.0276
13.5145
10.3101
14.9739
14.4987
14.6164
14.718
14.3762
14.6517
10.4002
11.6725
12.7035
14.3498
14.6974
11.5101
14.7417
14.3396
13.7162
14.4247
11.8819
14.6244
12.3895
13.0997
14.1394
14.1705
12.1034
13.4301
14.2412
14.6953
14.072
12.4776
13.9866
13.2831
10.9698
10.9564
13.8576
12.2505
10.4356
10.5397
12.9825
14.5021
14.7356
13.8349
14.1708
13.8606
13.4627
12.0943
14.3111
11.9039
13.04
13.8639
14.003
14.4398
13.2411
13.8606
14.7031
10.2611
11.7897
14.6181
13.5709
14.504
13.2724
14.9428
14.1134
13.6709
14.19
14.6208
14.4802
13.4678
14.1723
13.6929
14.8235
14.1368
13.314
12.4624
12.7821
14.0947
14.5567
14.9128
12.411
14.8011
12.717
13.8254
14.5607
14.3162
12.6778
11.0446
10.1261
14.5211
13.4922
13.6315
14.8441
14.9882
11.7203
13.8947
11.7535
13.4803
13.6584
14.519
13.7598
13.9571
14.1425
11.9789
14.5276
14.9953
14.9467
11.9711
11.8231
14.3776
12.9384
14.9529
14.204
13.0851
13.2329
13.7577
13.4357
12.7785
14.0276
14.963
13.1959
14.3356
14.7508
12.3977
13.6875
13.5586
14.1211
11.5162
14.2147
14.2577
14.4603
13.8878
12.9544
14.5704
13.8797
13.8883
14.6221
14.9616
14.7792
12.6627
11.0796
11.4287
14.47
14.7374
14.556
12.1048
13.8456
13.6563
14.5881
14.4864
14.0308
14.8345
12.7819
14.0877
14.1137
14.0334
12.9946
12.5831
13.1176
14.0889
14.3294
14.6984
14.7092
14.706
11.8123
14.8142
14.1628
14.9967
13.1062
14.8573
14.9841
13.9416
12.5657
14.0492
13.5709
14.7358
14.7668
14.086
14.9497
14.5435
13.9665
14.5082
14.967
12.0717
11.0039
13.9744
13.7639
14.5309
14.9302
14.7277
14.5461
12.9281
13.582
13.7589
11.2451
12.447
11.73
14.6516
13.7443
14.7338
13.8853
13.4341
11.7065
12.8981
11.9132
10.7697
14.7628
14.5615
14.567
10.3936
13.1912
13.9411
12.963
14.6768
14.792
14.9727
10.9505
13.1448
11.3595
13.7757
13.6079
12.4512
11.802
14.7539
14.4533
13.4849
13.973
14.2583
12.577
13.9839
10.5327
13.6529
12.555
12.1826
12.0611
12.1929
14.1374
14.218
14.6317
12.5078
13.1958
14.4536
13.0779
12.553
14.568
12.9464
14.3163
11.6309
14.5477
13.1922
12.4211
13.3144
13.954
14.6311
14.5834
12.1262
12.3427
14.0369
11.2363
11.2355
11.7729
13.2154
14.9251
11.4573
12.3058
14.7077
12.3904
14.6798
13.6197
12.3998
11.5608
13.1193
13.1282
12.7308
13.3597
12.4261
14.9599
13.6917
14.566
14.114
13.4674
13.0461
14.3802
14.4144
11.2379
14.4588
14.2635
13.1271
14.0793
14.7827
13.2627
13.6083
12.982
13.8306
13.1945
14.9412
12.4486
14.2665
13.2179
13.3327
10.6391
14.2989
13.4627
13.4176
10.6159
12.9104
10.9198
14.1348
14.8123
14.3104
13.1839
14.9964
14.3273
13.8491
14.551
12.3761
14.5789
12.9008
14.0618
13.1539
14.3693
13.5805
13.9504
14.5937
13.4566
13.8812
14.0181
11.0292
14.4235
14.0719
12.7522
14.0253
14.7269
10.5885
13.2764
14.8127
13.7917
14.7261
13.8766
13.1605
13.4984
13.9581
13.8914
13.8877
11.9199
13.3887
11.4067
12.3211
13.0506
13.15
13.8184
12.9961
14.9603
14.4336
14.9733
13.6247
14.7772
13.1981
13.7403
14.9199
11.8321
12.0601
13.9762
13.9329
14.3457
14.4454
14.7823
10.3974
11.6558
13.6968
11.7081
14.2256
14.122
14.57
13.2789
13.6555
14.9004
13.5656
13.5872
13.8054
13.9902
13.025
14.9407
13.4365
13.1152
13.153
14.1875
13.9602
13.9218
14.7446
12.5283
13.0242
13.4396
14.5815
14.4489
14.7916
14.8643
13.3729
11.7278
14.0198
14.3995
13.6003
14.7427
11.1164
13.668
14.6506
11.1539
14.8167
13.8562
12.2859
13.613
14.2853
14.9141
14.8251
10.8619
14.2014
14.1593
11.4346
12.7066
13.7159
14.4395
13.1484
14.6481
13.1387
14.4815
12.8828
14.9088
14.7687
10.7186
13.6197
13.8327
11.8148
14.791
13.6152
14.2658
10.3183
14.0965
11.3539
12.2643
14.6806
14.5621
13.3288
13.9953
13.486
13.0273
13.4459
14.1332
13.5955
12.0724
12.1467
14.4431
14.9188
13.4338
13.6541
14.5925
13.0817
14.8792
14.2028
14.7709
13.3985
14.9181
14.5994
14.5198
14.8041
14.8984
13.6044
12.8167
14.8637
14.7411
14.7306
14.8344
13.0796
13.4324
13.5319
14.0917
13.7569
12.8014
10.6337
14.4965
13.1868
13.4606
14.5744
14.2316
12.6331
12.6419
14.4481
13.9734
11.5974
13.8349
13.4933
14.8228
13.2613
14.3335
14.9491
12.7467
14.3433
14.6427
14.1507
14.7448
13.4409
14.9434
14.7946
14.6505
13.9823
14.8608
14.8525
10.8437
13.9607
13.102
14.4125
14.0396
13.3533
13.3525
14.9898
14.1974
11.1756
14.956
14.8048
13.5005
14.2506
14.7015
12.5393
14.6743
14.2649
11.9353
14.6113
14.0897
14.6691
12.5506
12.9759
14.006
12.4625
10.6096
13.7901
12.0909
14.9387
14.9601
13.2451
14.8204
13.552
12.4941
13.3667
14.2532
14.0304
12.8407
14.3904
14.4406
14.4724
14.7307
14.8984
12.3059
11.8239
13.7346
13.9406
13.7156
14.1054
13.6114
14.4447
14.4345
12.9141
14.2131
14.9572
11.3715
11.753
13.7542
10.0159
12.2361
13.5683
14.0044
13.195
14.6164
12.5661
14.2489
13.2817
11.8741
14.7604
14.3505
14.5715
13.549
11.6803
13.8288
12.7989
14.8591
13.5482
14.151
12.4077
10.3369
13.4821
13.5746
11.8612
12.0077
13.9351
12.2015
14.7295
13.1165
10.3082
14.6737
13.8317
12.0484
14.9216
13.7156
14.1526
14.5714
13.4237
12.7496
12.8666
12.2479
11.1175
14.9988
14.6059
14.1362
13.6884
12.153
14.0748
10.7971
14.1591
14.9145
12.8745
14.0635
11.6836
14.585
12.2955
13.9542
14.3408
13.8656
12.1834
14.9483
13.7174
11.9979
14.5933
11.9905
14.6163
10.7681
14.2336
12.8041
10.9535
12.5496
10.4722
14.7876
13.0662
14.0665
13.8768
14.6912
14.7959
11.559
11.6753
14.0396
14.3238
14.2121
13.8848
14.3616
13.9509
14.248
14.0939
14.9587
13.769
14.7489
13.8821
12.6012
14.1921
14.708
11.8973
12.8227
14.0835
14.3416
14.3023
14.7888
14.8292
14.139
14.8905
13.27
13.8526
13.4574
13.3597
11.5636
13.1983
14.8343
12.9277
14.26
10.1072
14.8545
12.4252
11.0446
13.7958
12.7822
12.6301
13.4562
14.7381
12.8212
14.7453
14.7934
14.1007
10.4
14.1298
13.4414
12.507
14.0521
13.2173
12.858
12.5788
14.3038
14.8116
13.2253
13.4971
10.3784
13.4741
12.0994
13.373
14.2583
14.7236
12.9094
14.8406
11.7377
13.9258
13.8967
13.811
14.7967
14.9645
13.9863
12.1766
13.1668
12.6702
10.3828
12.7454
12.6959
13.4469
14.795
14.6464
13.4763
14.5138
12.657
14.3558
14.0449
14.5548
12.9156
12.7205
11.4974
14.8143
14.542
14.6716
14.8854
11.8775
13.0996
13.8263
13.7936
13.2519
12.4078
11.1886
14.1409
12.1745
14.9419
12.59
13.0658
14.7516
11.884
12.3433
14.307
13.4166
13.1571
10.1421
13.9224
14.24
12.1666
14.3105
14.7666
14.4497
11.2883
12.4397
14.6783
13.1779
14.2198
14.2246
14.1107
14.8738
14.4562
12.9523
13.4374
13.6993
14.806
14.9775
10.9106
11.9349
13.151
13.8386
13.3335
13.6568
14.5143
14.2224
13.0091
12.8725
14.1179
12.2123
14.3464
10.2163
14.3304
13.5078
14.8836
12.4121
14.7002
13.842
11.6937
14.2253
13.2877
14.6037
14.3516
13.9217
11.1748
14.8758
13.5994
12.4995
11.1872
14.6986
14.4415
14.3597
12.2547
13.452
14.5069
11.9033
14.2931
14.6913
14.8479
12.3811
13.5631
14.6812
13.5611
12.4891
14.4697
12.4191
14.8528
14.6951
11.598
14.354
12.4052
12.6661
14.3779
11.7925
13.8843
13.4399
11.3999
14.485
10.333
13.9763
11.4713
13.8811
14.1684
13.0121
13.895
14.466
14.5726
10.1333
14.7732
13.5653
14.6774
13.9016
13.9058
14.6638
14.2107
13.9988
14.2875
14.1455
14.2306
12.5797
12.3331
14.7711
14.5212
14.1169
14.4496
13.6589
13.3425
13.8385
12.688
14.9055
13.1359
14.1971
13.9332
11.9683
10.497
14.553
14.6292
14.2532
14.2096
14.8076
13.9187
11.6807
14.7599
14.8804
14.2622
13.4062
14.8394
14.2968
13.5072
13.6904
14.0498
14.2589
14.4453
11.4364
14.3948
13.9005
10.043
13.0934
14.414
13.6637
13.6894
14.2677
11.3217
12.0771
14.2338
14.6546
14.5747
14.7045
14.8106
11.8865
14.992
11.4354
14.2194
13.1692
12.6309
14.3901
14.4204
14.7194
12.1609
14.8047
13.2888
13.5071
14.6264
11.2739
12.207
12.169
14.6032
14.5454
14.8675
14.137
14.7603
14.7499
12.7256
14.2472
13.4189
11.7313
10.2898
14.8465
14.462
14.347
11.0808
13.5477
10.4592
14.1123
14.693
14.7441
12.4982
13.2648
14.5176
12.3065
13.2771
13.3329
14.9495
14.1271
12.3727
14.7883
14.9897
14.2271
14.8534
12.0384
14.5458
12.7274
13.4046
13.2061
14.9406
14.4039
13.6924
12.5371
12.9155
12.2765
13.5963
14.0225
14.6945
11.0618
14.683
14.8765
13.8515
13.2808
14.9686
14.8536
14.1453
14.8099
13.7395
14.3202
14.1161
12.9656
12.7111
12.1379
13.7079
11.4528
14.3512
12.3526
14.575
14.0688
14.7369
13.7541
14.5381
13.2172
14.0987
14.839
14.9978
13.462
14.5161
14.194
14.4417
12.8909
11.8798
11.2339
14.2168
14.1384
14.2404
11.8503
14.3314
14.2767
13.903
11.9657
14.7067
13.2844
12.3491
14.0428
14.4912
14.0486
14.1175
14.1037
11.9311
14.9889
10.4547
11.03
14.791
13.7037
13.5284
12.3871
11.5186
10.1742
14.9982
14.1274
14.3735
14.0825
14.2251
14.9513
14.7152
14.228
14.2664
13.0941
14.3491
12.397
13.1789
11.4398
10.2523
13.7993
10.5674
11.7914
14.4639
13.9566
14.4639
11.7012
13.87
14.0716
12.5143
11.7618
13.4974
14.1113
14.5876
13.4997
14.5003
14.3813
13.8634
14.6929
12.72
12.7844
14.9152
14.6429
13.8563
14.832
14.9803
14.926
12.0986
12.8583
13.8693
14.5664
14.1503
14.7137
14.3277
10.1913
13.0715
12.8422
14.4918
13.4532
12.4048
14.0009
14.6494
14.4696
10.4308
13.1813
13.4068
12.7316
12.4292
14.178
12.5887
11.9735
13.1715
14.5739
13.6617
14.3931
11.0927
11.0766
13.7213
14.0585
10.7021
12.1517
13.0571
12.4799
14.6412
14.1205
12.3295
10.009
13.8773
12.4656
14.1438
13.5956
13.3149
13.6391
14.9931
14.345
14.6634
14.3315
12.5636
14.9717
12.9585
14.4219
13.3129
11.1246
13.5309
13.3171
14.0473
14.2551
14.2784
14.5715
12.0248
12.1222
14.3857
13.8459
14.6746
14.7551
12.1015
13.2047
13.821
12.5635
13.4733
13.9277
12.8903
14.243
13.5918
12.321
12.8765
13.7893
13.2803
14.176
13.3916
11.757
12.8065
13.8981
11.0263
14.1362
14.9273
13.1449
14.0314
14.5751
12.4001
13.5599
13.9247
13.7354
14.5584
12.1891
12.6722
12.5591
12.3469
14.8513
12.5147
14.9297
14.831
14.368
13.693
13.6261
10.5002
14.1837
12.8231
10.216
11.7622
13.9164
14.9356
14.0839
14.7562
12.1478
14.0249
13.4978
14.3662
11.9333
14.1837
14.8748
12.2574
14.4794
14.4491
14.9853
13.8288
12.7824
13.2052
14.7203
13.7309
13.0187
13.2473
14.5215
14.5675
14.3511
11.5184
13.7056
13.7485
14.4501
12.8586
14.1082
13.8492
14.2963
13.6403
13.6931
14.8044
12.1676
10.421
14.6962
14.2832
13.7738
13.6042
14.7915
14.9277
12.8113
13.5017
10.626
13.2311
14.9761
12.8093
14.0083
14.3064
13.2083
14.6006
14.5025
14.6939
13.286
13.8233
14.8567
14.6397
14.1529
12.8842
13.6875
14.7892
13.2183
14.5163
12.6072
13.8892
14.5162
14.5053
10.0384
14.945
12.2659
14.949
13.3171
13.0282
14.6176
12.9526
13.1955
14.6265
13.6767
14.3978
12.8161
13.5803
13.0891
14.074
13.4102
14.4294
12.8318
13.0369
13.8886
13.203
14.6256
13.5982
12.076
14.8717
14.4042
13.3915
11.5579
14.5633
14.2821
14.4879
13.8382
14.3604
12.5932
11.6065
14.6813
11.9052
14.638
14.6548
13.113
13.4894
14.3178
11.5709
14.6507
14.942
14.1928
13.7306
13.946
14.8883
14.6667
13.4848
12.6812
13.0768
14.9181
14.8613
14.2644
14.76
13.25
13.7079
12.3652
12.2009
10.2918
14.7256
14.6404
13.4194
14.391
13.1955
14.8211
14.3416
12.7472
14.9811
14.2107
13.2138
14.5495
13.6267
14.6197
14.859
13.3818
14.8985
12.7025
11.3312
14.8992
14.1599
13.2733
13.1309
14.7746
13.6727
13.4818
14.9716
11.9235
12.7658
14.4349
12.7466
14.9263
12.3239
12.8769
14.2249
14.7765
12.6031
10.0697
14.6021
11.6644
12.0323
14.2707
14.653
14.8677
10.5682
14.772
13.9964
12.0698
11.6055
13.2466
14.9252
13.7205
12.4523
12.2568
12.7966
14.5925
14.3143
14.5541
13.6815
12.457
10.6799
14.7859
12.4886
14.8736
12.6288
13.8635
14.7338
13.7933
12.5739
13.5005
14.7115
14.1938
14.2194
14.6416
13.3605
14.9849
14.763
14.3605
14.391
13.7472
12.2212
13.872
14.8948
13.5074
14.1345
14.4154
13.5497
11.2168
13.9226
14.6929
13.9395
12.8512
11.4628
12.1381
14.9786
11.1794
14.67
12.1363
12.9671
14.1802
10.5354
13.7566
13.1598
14.8758
13.9305
13.7462
14.2204
14.2126
13.0441
14.2829
12.9983
14.414
12.1634
14.3359
14.3988
14.7506
14.9229
13.271
13.4829
14.5451
14.0103
14.7998
13.4064
12.9613
11.6145
14.343
12.9292
14.0773
14.7498
14.1986
12.123
12.7316
13.8954
14.1789
13.3937
14.5677
10.2369
13.8083
13.4289
12.9648
14.2601
10.562
12.4185
14.9004
13.8233
14.2425
13.9482
12.6998
12.428
12.8966
14.6394
14.7269
14.419
14.4818
14.9602
11.9088
13.6648
14.0358
13.7255
12.1032
11.6052
10.0771
12.8853
12.6236
14.0905
14.9393
14.0529
10.7835
11.8626
14.0597
13.3022
13.0921
14.2082
14.5917
14.4256
14.7563
14.4716
11.8528
14.5445
14.8257
13.5449
13.8022
14.8347
11.8592
12.9307
14.6876
14.4449
13.9202
14.6948
14.3203
13.6248
13.0076
14.8078
14.4048
13.5731
14.193
13.7441
14.1901
11.2936
12.9731
14.7685
13.8508
14.2918
12.3425
12.2055
11.1034
13.0642
12.8859
12.9212
14.4608
12.5988
14.3148
11.3702
13.4133
14.9542
14.0363
13.8417
13.335
14.2785
14.0692
14.2748
14.3042
14.0709
14.2489
14.67
13.6324
14.2045
14.8798
13.2527
14.0436
12.4701
13.8899
14.0591
14.162
11.219
10.6943
12.674
13.289
10.3205
13.6752
13.1975
13.9894
11.741
12.3404
13.8846
13.9199
14.8899
11.3133
14.6035
13.6122
14.6659
14.2559
14.3233
14.8957
14.7592
14.1033
10.4792
13.9301
14.4344
13.0222
13.3051
13.6052
14.6801
11.8017
14.6955
11.9775
12.1959
14.1801
14.2124
14.0507
13.9263
13.9476
14.8062
10.9542
14.3511
13.7775
13.5809
12.0947
13.5386
12.1855
12.1712
12.9095
13.3233
13.7322
14.3266
13.9797
12.487
14.9728
11.0087
14.1062
13.5938
14.8738
12.4998
14.8104
13.5524
11.655
14.9295
13.9561
12.1759
12.2055
14.7056
13.6442
10.3048
13.6737
13.2875
11.9765
13.5252
14.7166
10.1388
14.0895
14.2357
14.5845
13.9454
14.3126
10.3809
12.514
14.9526
14.7157
12.5814
10.2576
11.9569
14.3712
13.0798
14.8357
14.6447
13.8723
13.7808
14.9841
12.5558
14.9528
14.0704
14.5901
10.3448
11.5401
12.3934
13.6857
12.2771
14.527
13.555
13.0919
13.6506
14.8449
13.3683
13.1659
14.4541
13.6443
14.027
14.1951
12.9668
14.9007
13.9942
14.6158
12.9015
12.9917
13.0409
14.9662
14.7755
14.0559
13.9489
13.5767
13.7523
14.9498
14.0843
14.1267
14.2555
13.6153
14.8866
13.2868
14.7921
14.9738
13.9959
11.9956
14.0755
12.268
13.1127
13.5954
12.4389
14.3168
13.0869
14.8189
14.6924
13.528
11.9189
14.4943
13.4109
12.2818
13.7175
14.9268
12.6383
13.9067
14.9182
11.5627
13.4631
14.429
10.9187
12.6794
13.7327
14.9699
13.7169
14.9815
14.2354
12.8912
14.3614
10.1512
12.6004
13.8209
13.8627
10.772
13.9003
13.6878
12.7889
14.0848
13.1543
14.5509
14.4777
11.8821
11.0137
14.9366
10.4267
14.6828
13.2204
14.322
10.607
14.6937
14.4482
12.2186
12.1309
14.5674
13.6391
14.1946
14.0996
12.9928
12.8116
10.7339
14.935
14.4794
14.8499
13.457
14.2811
14.4223
14.8221
14.6585
13.4566
11.4059
14.404
14.841
14.5841
14.4411
14.7189
14.2749
14.2153
14.2982
14.8693
14.3945
13.825
14.5976
11.6422
14.9633
12.9556
14.5266
12.1855
14.3324
11.2766
14.0007
12.9426
14.3171
14.8273
14.1757
12.346
13.9531
14.7525
13.8975
14.4998
14.0574
13.3676
14.3606
13.9189
10.5952
14.1402
13.6316
14.2589
14.0149
12.8511
14.699
12.5853
11.4111
14.1522
14.976
12.958
14.1277
13.274
13.1512
12.2746
14.9951
13.238
14.5098
13.3883
10.6352
12.8991
14.0953
13.7679
14.3204
14.2328
14.1429
13.934
14.264
14.0214
14.6766
13.7984
14.6153
13.6463
14.4467
14.5869
12.0977
14.4049
10.8545
14.2895
14.104
13.4939
13.7105
13.701
13.024
14.8051
14.6353
14.9698
14.5465
14.0548
13.6872
10.9517
14.5094
13.2947
11.0347
13.1237
10.9822
14.4758
14.3085
14.2163
14.5024
12.457
13.5881
14.3598
14.5374
12.7294
14.9742
13.7355
13.8561
14.688
14.5285
14.6582
12.8835
13.7819
14.1874
12.4455
12.6287
13.2678
12.1398
10.4022
13.0217
12.7317
13.7811
14.336
10.9923
13.6269
14.8276
14.8497
10.3269
11.6666
12.7411
14.8424
14.3113
14.8095
14.9017
11.1805
14.3818
11.6862
14.7863
13.2279
13.9438
13.6808
13.4472
11.5358
14.7091
13.874
13.8879
13.9081
14.32
14.4681
11.5292
13.9111
14.6667
14.2619
14.61
12.0529
13.3049
14.6501
14.8849
14.2602
13.8428
11.1973
13.3287
11.1011
13.2468
14.9289
12.7499
14.8196
13.5501
14.4662
13.4913
14.2124
11.7318
10.3938
14.8329
14.6412
14.528
13.9998
11.1693
13.1766
13.5035
14.7611
12.591
14.6238
14.7262
14.5115
12.1869
14.7752
14.8885
14.1361
13.772
13.9638
11.637
14.5335
13.8263
14.0947
13.7221
14.2257
13.3588
12.2494
13.7215
13.8942
12.0616
13.854
14.3958
13.9979
14.7974
14.2682
14.9652
13.6116
14.3693
14.1374
14.5423
13.0921
12.1857
14.5177
13.5805
13.8826
13.9831
11.987
12.2553
14.6301
14.9523
14.4418
14.6434
12.0015
12.8631
14.7199
14.4731
14.4294
10.2534
11.3135
13.0673
12.7039
14.2488
14.9255
12.6562
14.7992
12.8846
14.2054
13.8091
14.4043
14.3947
11.4186
14.5096
12.5356
14.8729
13.7717
10.3917
13.4968
12.9864
12.8227
12.9082
13.2053
11.8468
13.0132
14.4994
14.967
13.2394
14.864
13.4554
14.6342
13.9534
14.4881
14.2773
13.7115
13.3566
14.8734
14.2313
11.9647
14.4332
13.541
10.5239
12.5667
14.9988
14.5368
12.158
14.222
11.4519
13.967
11.7561
14.6472
13.6216
14.2657
12.1196
14.537
12.4751
14.36
14.9484
12.3545
12.3482
12.6438
14.0036
13.8553
12.631
14.4978
14.9204
14.945
14.0857
13.5131
12.3088
14.8204
14.8053
13.9923
13.0008
13.6537
13.2487
14.8966
14.4907
13.9047
14.7214
14.9153
14.2743
13.0188
13.2913
12.5172
13.6836
14.5742
14.4923
12.6917
12.6153
14.9645
13.8125
11.4999
14.5299
13.173
14.4557
14.107
12.6685
14.7014
14.6047
11.8886
14.8311
13.1294
10.7045
13.9087
14.7554
13.3341
12.0275
10.53
14.0433
14.3746
13.3826
14.5858
13.445
14.1011
14.2335
14.0545
14.3924
14.6208
13.6847
13.8399
13.205
14.7315
13.9167
13.8691
10.6565
14.4448
10.2968
11.7814
12.4811
13.1888
14.0454
12.2377
14.5838
13.1998
14.1393
14.0265
13.6455
14.3783
14.1124
13.6345
14.0835
14.5351
12.5458
14.7847
13.7017
14.9987
13.625
14.9249
11.9453
12.6735
14.3484
13.0139
14.3221
14.9951
13.7332
14.8005
14.7615
14.7574
12.1502
12.5146
13.9806
13.6947
12.9093
14.1957
11.5406
14.5921
14.414
14.7434
14.0415
12.7461
14.5984
14.2107
14.4365
14.0619
13.1058
14.8455
14.6537
13.7644
14.1753
14.1137
13.7372
13.3056
14.7084
14.9694
14.9155
10.7096
13.8948
14.7408
14.9017
13.6458
14.9657
12.6446
14.8257
14.3957
11.9092
12.5865
14.3792
14.3807
12.2864
12.9913
10.097
14.9139
12.0013
11.7441
10.6018
11.593
11.0108
14.0207
13.9532
13.8212
13.6328
11.9736
12.7008
13.8323
14.2021
14.6382
14.0128
14.5869
12.5769
11.3543
13.5358
14.9187
13.5829
14.0762
14.967
13.5145
12.905
14.9061
11.7368
12.3757
14.8746
13.3283
14.3657
13.6693
14.2951
14.035
10.9856
10.3046
14.5331
13.9646
12.5656
10.4676
13.6162
14.8644
13.6096
12.5049
14.0621
14.3555
14.5066
14.4406
14.7
13.6215
13.5865
12.0732
14.9091
14.9923
13.6443
13.2769
11.2533
14.7626
14.8542
12.226
14.9425
11.2435
14.9961
12.9613
10.3133
13.2933
14.9017
14.757
12.041
12.2992
14.3357
14.2987
13.1783
14.3284
14.8074
14.6246
14.3103
14.3294
14.2779
14.0423
11.5837
13.0201
13.8173
12.0362
14.4431
13.9698
13.7245
14.7861
13.8076
13.6795
12.7701
13.6298
13.6772
14.6311
12.4427
11.5971
11.9211
10.7095
14.9189
13.2502
12.4081
14.8789
14.0626
13.2424
13.7203
14.584
14.7281
13.7229
13.5074
13.5407
12.896
13.863
13.4868
14.8181
14.674
14.7644
14.9315
14.2971
14.4703
13.383
14.6689
14.9428
14.5297
11.6657
12.4238
14.6706
14.4721
13.0914
14.5839
14.984
13.8883
14.0137
10.3736
12.4092
14.2092
14.3289
13.6075
14.6172
11.5466
12.941
12.851
13.6898
13.2974
12.4365
14.8032
14.8233
11.9791
12.9337
13.103
14.8137
14.1432
14.8921
14.4477
12.4832
11.7079
14.7668
13.8841
14.6481
13.5084
14.7231
14.8918
14.5295
14.0759
14.6512
14.8253
10.1594
14.079
12.5413
14.6248
13.6411
14.7343
13.3568
14.2562
13.4256
13.25
12.6878
12.8044
13.768
14.2019
13.7624
11.2958
14.6361
14.7525
14.4125
12.3598
14.6813
12.5218
13.0213
11.8408
12.1896
14.268
13.6623
13.3399
14.1185
12.6949
12.753
14.5509
13.2447
14.8061
13.761
11.5921
14.338
12.2239
14.5833
10.9256
14.9275
10.0437
13.2039
13.7475
14.7785
14.0216
14.6419
13.1542
13.824
13.5634
14.7462
14.4627
13.6424
14.6057
14.2663
11.4286
14.9448
12.36
14.0871
14.4919
14.6516
14.4982
14.2778
10.9451
13.6912
13.3972
12.675
14.1923
14.4403
13.6454
14.7159
13.5291
14.9551
12.7085
10.4004
10.7838
14.4786
13.4294
12.9115
12.8109
14.7248
13.9895
13.6001
13.6906
14.1749
14.981
14.5369
11.5944
14.9749
13.6417
14.2582
13.809
13.1909
12.7139
12.9694
13.0062
14.8271
14.032
10.4278
13.449
14.4337
14.0118
12.9528
11.1853
14.2312
14.1988
12.7044
13.6389
13.6479
13.9037
12.8847
14.288
13.7594
10.86
11.5725
13.2627
14.1416
11.8589
12.4237
10.7639
14.9037
14.4814
13.2508
13.6887
14.6067
12.9353
12.7767
13.5531
13.853
12.5167
14.4882
11.8729
14.1915
12.9195
11.9364
14.6885
12.3925
14.5296
13.8171
14.9349
14.0461
14.6305
14.1861
13.7568
13.6568
12.712
14.4043
14.4252
10.4033
13.8173
12.5899
13.6978
13.8185
13.6525
14.6533
12.3553
12.0729
14.8172
14.4943
13.2485
14.397
14.2933
13.4257
13.1691
14.3708
13.4169
11.0911
14.1083
14.3149
14.5318
14.9741
13.488
14.8211
14.8985
14.7478
11.894
14.3436
12.2779
13.6267
14.2051
13.4809
13.3213
13.6001
14.3148
12.5527
14.0366
14.5782
12.7316
13.4284
13.9543
13.9333
14.4302
13.8309
13.0068
14.2653
12.3537
11.7992
14.8208
12.7894
14.6898
14.4805
13.1104
14.0269
13.6785
13.5041
13.7928
13.2847
13.4645
14.2924
13.3561
12.968
13.6235
11.9995
14.9015
13.689
13.9463
14.7944
13.859
14.2482
14.5634
14.4555
10.6679
14.8155
14.1923
14.0236
14.3333
14.5091
14.448
14.6462
14.2917
14.9699
12.7795
12.4918
12.8774
11.4588
10.0639
13.8888
13.8884
12.7941
12.5485
12.5408
14.8419
13.5737
14.1326
11.7414
13.3881
14.3245
12.1183
13.423
12.6292
13.9772
12.0485
12.1718
12.7537
14.9623
14.655
14.3941
14.7019
14.6315
14.8728
13.0723
14.8924
14.8435
12.5173
14.6736
11.7654
14.8422
11.0957
13.9068
10.146
14.9794
12.0313
14.5746
14.6152
14.6885
14.2058
14.6934
14.062
13.5115
13.729
14.1818
14.1729
14.3997
14.4453
14.3652
14.0134
12.194
14.7701
13.5522
14.052
14.8945
13.7492
14.7308
14.7476
14.4545
10.6756
11.778
13.9923
14.9774
12.4389
13.9719
12.5499
12.2084
13.2178
13.2243
13.5323
12.6696
12.2172
14.3066
13.4919
14.9848
13.0988
14.5172
14.9688
13.55
14.7761
13.7922
14.9231
14.3439
14.1369
12.2909
13.2569
11.2619
13.9824
13.5697
13.1848
13.6929
13.8733
12.0609
13.5215
14.9683
10.4637
14.0731
13.1996
10.3354
13.1733
10.8436
13.7355
10.8645
14.3975
13.7497
14.3948
10.1215
14.5729
13.6327
13.5202
10.2398
14.9664
10.4506
13.8502
13.0465
14.4202
14.8449
12.0296
14.1406
14.4934
14.051
13.8413
13.2534
13.0239
13.2321
14.6845
14.3739
13.4861
13.4473
14.3852
10.5994
12.9565
13.7125
13.5255
13.1552
12.4304
14.6464
12.0453
14.9527
13.3347
13.4904
10.5937
14.6324
14.9114
10.0914
13.7467
13.9344
13.0856
13.8701
12.3891
13.0307
14.6137
14.0188
11.5533
13.111
14.3604
13.1054
13.4686
12.749
13.8161
14.0362
11.9016
14.9998
14.3272
14.5407
14.9849
13.4031
13.9008
14.029
14.7605
14.7828
14.5575
13.2965
13.6569
11.938
14.2904
11.6682
13.8918
13.9109
13.3788
10.531
13.3205
13.572
14.4479
12.0275
14.6813
13.499
14.5846
11.4667
14.6387
14.9553
14.9671
11.8852
13.5384
14.5532
14.0759
11.5505
10.7217
13.3661
14.2718
13.9764
14.7601
12.2545
12.9789
13.2919
13.1097
14.6726
12.4079
14.0968
14.2413
13.4814
14.4418
12.4261
11.2728
13.4015
10.7562
14.7528
12.9582
10.1185
13.8462
14.2706
12.8602
14.7091
12.9106
14.9268
12.5809
14.1675
13.864
13.989
11.6148
11.4915
14.2153
13.5848
11.3129
13.1573
10.3358
13.3587
14.2777
10.6167
14.7549
14.61
13.4433
14.3032
12.5898
13.8385
14.7429
13.6612
13.2981
14.3666
12.102
13.2407
13.1767
13.6662
12.6643
14.4187
14.0573
13.7144
13.9318
12.9759
13.9692
14.5523
14.2901
13.991
13.4727
12.7556
12.3716
13.2162
13.904
14.9485
10.4705
14.8287
13.0157
10.0806
14.4526
14.7112
13.1671
14.7244
13.5291
14.0224
14.3944
12.1199
13.3689
12.5365
13.3729
14.5716
14.7876
12.7549
10.9982
14.6332
14.4744
13.8165
11.6759
13.6798
13.7832
14.4554
13.1679
14.3183
11.8539
11.797
13.7498
14.0126
14.8583
14.1098
14.7341
14.8314
13.8598
14.0033
14.8179
14.2116
14.9008
14.755
12.9158
13.2635
14.6389
14.9858
12.0863
14.1442
13.3202
13.6365
14.7461
13.1108
12.2645
14.5263
11.8112
14.135
12.6372
14.6182
13.916
12.9481
14.8188
12.5431
14.8686
11.0216
14.5563
14.9341
13.4118
13.5966
14.1153
14.4001
14.179
13.8856
14.3506
14.0655
12.7897
13.5261
11.8423
11.8408
14.6623
14.7648
14.0664
11.8106
11.5821
14.1829
12.2895
14.609
13.7472
11.0415
14.4516
14.6848
13.8417
13.5589
14.1795
13.1237
13.1864
12.2599
13.2959
13.5023
14.7172
14.894
13.6494
13.4227
14.0533
12.8094
14.1969
14.979
14.8225
13.2197
14.5475
11.407
12.4647
14.2567
14.7436
12.9309
14.2944
13.0644
14.6848
14.7438
14.4833
13.9063
12.2705
11.1382
14.0916
14.6254
12.993
12.2958
13.3993
13.6001
12.986
14.266
14.7109
14.094
11.5351
12.805
14.7108
10.2613
13.8831
14.8067
14.9844
14.1728
13.3827
14.0501
14.4295
11.2477
11.1149
13.847
12.645
13.4699
14.8943
11.9571
14.5198
14.7925
12.8822
14.6613
13.8945
14.5861
14.9632
11.1778
14.2834
13.7127
14.2842
13.9972
14.9169
13.7337
14.6928
11.8004
14.1812
14.8571
14.5282
13.954
11.4238
14.2147
13.2377
14.5675
14.2036
14.6147
14.7945
13.3817
12.7941
14.885
11.9275
14.6431
14.64
13.9135
14.9896
14.622
12.1614
11.9639
14.66
14.8986
14.6126
14.6146
12.2619
13.4649
14.0293
13.959
13.1291
13.0708
13.1192
14.5135
11.3529
13.3633
13.7094
14.3889
14.676
12.3408
12.9469
13.6835
14.702
14.6758
13.8379
12.7582
13.547
13.3462
14.8404
13.3195
14.7344
13.7464
14.5475
13.8807
14.3826
12.7603
11.2431
14.6257
14.6834
13.2513
13.0079
14.5368
12.8941
13.5344
14.0667
13.7079
14.6779
14.9086
14.1987
13.2295
13.9327
14.9706
12.496
10.9436
12.6963
12.9888
10.8978
13.6221
13.3809
13.7669
13.432
14.0297
14.6538
14.6223
12.211
11.7518
13.3512
12.4148
14.6052
12.881
13.8793
13.4413
14.8836
12.6023
12.484
14.963
11.3146
13.4642
13.3674
14.1966
14.0204
13.3871
14.0196
13.9111
12.9801
11.1981
12.3851
14.8539
13.5012
13.7245
14.8067
14.5483
13.1031
14.6611
14.7219
14.8346
14.7344
13.6196
14.5878
13.124
13.1452
14.9628
14.4314
12.1745
14.8573
13.0542
14.7911
13.6962
14.0801
14.4729
14.7988
14.0656
14.6468
11.5823
14.8631
11.602
14.6576
14.0538
13.4341
13.3256
14.4128
14.5925
14.4366
14.9516
14.2737
14.6974
14.8005
12.4195
13.4568
12.6938
13.9741
14.3882
12.8871
13.761
13.1823
14.2638
13.7194
13.8471
14.1389
14.6202
12.5613
11.3682
13.7005
14.0109
11.148
12.4219
14.7879
13.8203
14.3195
13.963
14.3509
12.1272
14.8522
14.1238
13.7572
12.0233
14.49
12.2275
13.8992
14.0298
10.0685
12.9521
13.7895
14.6779
13.8629
13.5339
10.3575
14.2865
14.9289
14.8681
13.9349
14.8819
14.4842
13.6776
13.69
10.1571
12.4529
13.7199
14.8218
12.6587
13.635
14.6344
13.4237
12.226
13.0988
13.9555
14.2892
13.6827
14.2387
14.3471
14.5505
14.3762
14.3657
13.6512
14.4754
13.6776
14.0239
13.9423
10.3073
12.1423
12.686
13.4168
13.9141
13.5791
14.501
12.2632
14.3854
13.6903
13.8389
14.8773
13.8156
13.3308
11.292
12.7675
14.7886
13.2157
14.8119
13.8966
13.1108
14.3516
12.4904
11.1983
14.4034
11.6722
13.7427
11.7925
13.9664
11.3735
11.1871
13.0838
12.0927
14.6579
14.5549
10.584
14.4558
13.5905
12.5619
14.8051
14.9037
12.6546
13.3315
11.8908
14.8044
14.71
14.6711
13.5863
12.5904
13.7696
14.0162
10.3894
11.1358
12.029
12.8557
14.6652
13.4307
12.3007
14.4968
14.7892
14.1529
11.8573
13.6291
14.0294
14.3243
13.7428
12.5763
14.8715
14.4456
13.8618
13.3758
14.9468
14.0118
11.2293
10.5637
14.2418
14.7858
14.9091
12.9264
13.9662
10.0135
13.5422
12.6697
12.1367
14.3977
12.1267
13.1617
14.8091
13.5566
11.8082
14.3742
12.8675
13.5561
10.4943
13.9479
14.5735
12.5975
14.4988
12.9573
13.9873
13.9634
14.6523
13.7506
13.783
14.7391
11.7987
13.3609
12.6752
12.3152
14.9024
14.4129
14.2948
14.1893
14.8853
14.9101
11.5419
13.53
13.5793
12.0903
13.5639
14.3576
14.8666
14.4029
14.6234
14.7972
10.4757
10.7852
14.5015
14.8245
11.9965
12.381
13.7091
13.7917
14.9512
13.8215
11.4541
11.0443
14.5724
14.9537
13.7596
13.6976
13.6661
14.9471
14.8847
13.8815
14.8805
13.2281
12.686
12.2591
13.6421
14.9323
12.389
14.6925
13.478
13.6852
13.8311
12.2146
10.6793
13.411
14.7337
14.4814
12.9303
12.8926
13.5474
14.8073
14.8354
12.1403
14.3747
10.1852
14.0412
13.3349
14.6972
13.6849
14.8767
14.2487
13.4934
14.6733
14.9213
13.1403
14.8099
13.5567
13.9565
12.6741
11.169
11.3104
14.656
10.6807
14.7468
13.9392
14.153
13.0318
11.9376
11.3174
14.8212
13.4938
14.9552
14.0947
10.6306
14.3935
14.3109
14.3689
13.1299
14.8279
13.5382
14.2938
13.6631
13.9251
14.637
14.4127
12.44
13.8771
14.0154
14.1312
14.9755
14.6512
14.982
13.9514
14.7883
14.186
14.8583
14.6293
14.87
12.729
10.4048
13.8691
14.123
14.2079
13.7248
13.1894
13.2143
13.9746
11.8133
13.4042
14.9497
13.9279
14.9677
14.4783
14.1054
14.3757
13.3869
11.9038
13.1061
13.855
13.6742
12.9233
13.5084
12.5423
14.9371
13.1373
12.3185
14.506
12.3279
14.4929
13.8539
14.7164
14.9283
11.3999
13.7544
13.6472
13.1622
10.7281
14.2221
14.9146
14.6112
14.3457
12.972
14.6625
12.6597
10.6289
11.5673
14.1589
11.6851
13.445
10.1684
14.8396
14.6158
14.3891
13.9967
14.2052
10.2196
11.8393
13.1009
13.9025
12.7891
10.8944
14.4419
14.2486
14.3997
13.2847
14.3122
14.9833
13.4482
14.1659
13.969
14.8349
12.9446
13.8668
12.6612
14.6324
13.1841
13.8336
12.5603
14.9907
13.7867
13.2662
13.8907
13.7928
13.4625
13.5813
14.2223
13.9434
13.7598
14.2769
13.9408
14.78
12.3609
13.6537
13.0121
13.5577
12.597
13.9313
14.1473
14.4493
14.2459
13.3472
12.6657
14.7101
14.4504
12.6784
11.5086
14.9069
12.7628
14.9985
14.818
13.0142
12.0797
12.7764
14.2552
14.7455
12.9177
14.2778
13.5335
13.363
13.9524
13.839
14.0467
14.7868
14.7962
14.9842
14.5591
14.0993
14.979
11.2689
14.6999
13.5219
13.7186
14.7329
14.8557
13.9753
14.5437
13.5251
13.5963
11.0927
14.1115
11.7416
14.5805
14.9819
12.0211
14.9782
14.3335
11.3145
12.9473
13.6417
14.6593
14.7135
11.9595
14.7466
14.8701
11.7042
13.0043
14.4253
11.8425
12.2575
13.2626
14.9809
13.4626
10.2149
14.6822
13.525
13.8743
14.377
11.216
13.8
14.443
14.3998
14.9727
14.9306
10.9966
13.8097
12.3891
14.1474
14.4434
12.6827
14.8152
11.6172
14.7716
14.6956
14.7121
11.1887
14.9583
13.4433
14.7717
12.6826
14.7403
14.7597
14.3231
14.2782
14.543
13.8728
14.6028
14.6568
12.877
13.9633
13.5911
13.2459
12.4953
14.3606
11.1597
14.7156
13.0166
13.8401
14.8853
14.9373
13.9244
13.8443
13.3523
14.3039
12.7425
14.8286
12.5705
12.8658
12.6278
13.765
12.8085
14.9548
14.5541
12.9163
13.8342
11.9714
11.1977
13.2021
14.4731
14.9475
13.1486
13.953
14.6484
10.6447
14.288
14.5117
12.9583
14.4069
12.3291
11.2948
12.6919
12.1965
13.0585
12.7912
14.1564
14.6681
14.4885
14.7658
13.4456
10.2741
13.8863
14.5597
12.4618
14.1072
14.9157
13.3621
12.723
13.3431
11.3986
12.4259
14.6283
12.5582
14.3893
13.996
13.841
12.8867
14.0148
11.8846
13.6828
13.4039
14.0508
14.9962
