14.3147
14.9988
13.1571
14.368
13.1106
13.6753
14.1161
12.8722
14.942
14.5544
14.4515
14.5029
14.3978
13.2696
14.7805
14.586
14.0959
11.6029
12.7451
13.3238
10.1575
12.7842
13.9739
11.1447
14.2511
12.2839
14.3474
14.5009
13.9604
13.3069
14.5184
13.7457
14.6196
13.9363
13.1906
13.7571
11.2337
13.8754
14.3789
14.1158
14.782
14.0978
12.629
13.9066
14.5114
14.5017
14.2278
14.5948
14.9898
13.8568
14.5727
13.9386
14.1372
14.1264
10.6331
14.6826
14.9295
14.5567
14.8708
14.8474
11.753
14.5704
14.5912
14.7011
13.3832
14.6883
11.6494
14.0158
14.5477
12.4637
12.7795
14.7261
13.6527
14.6617
13.3842
14.9397
14.6719
11.6031
14.9032
14.5234
14.7651
14.9831
14.128
14.1041
14.4208
14.79
13.5141
12.7563
14.0808
14.7989
13.3969
11.5728
10.0132
14.7392
14.8073
14.6211
14.7566
13.9695
12.0926
13.9428
14.2216
13.9247
14.72
12.81
11.934
14.853
14.7431
14.4612
14.3188
14.8326
14.8602
13.305
12.6308
14.9646
14.6924
11.4396
13.2962
14.0118
13.8809
14.5848
13.0468
14.992
14.1467
14.4416
12.4925
12.9981
13.6565
14.9651
13.6119
10.7253
14.3122
14.3584
14.4273
13.8303
14.3199
14.5252
13.1003
14.8339
12.4547
13.9149
14.9915
13.9429
14.83
12.7036
13.6355
12.0174
14.5312
14.6172
12.7089
14.0051
14.8703
14.3694
14.641
13.4537
14.1258
12.7058
14.9993
14.0332
14.2635
14.2076
14.2367
13.6336
11.3482
12.9614
13.7274
14.1512
14.7303
12.0511
13.4956
11.3112
14.8613
14.4076
12.7714
13.1679
14.8171
13.4407
12.0278
14.6715
14.6545
13.3288
14.8594
14.7082
14.7422
13.9994
14.0203
13.9184
13.9146
13.1646
14.8284
13.7244
14.3302
14.5815
13.1642
13.7616
14.6105
14.3946
14.5967
14.6139
13.5789
12.7232
13.0941
13.697
13.9251
14.799
14.8946
14.9259
14.78
14.4404
11.4658
14.7628
14.4447
14.4681
14.7523
14.6267
14.9515
14.3702
14.9127
14.4309
14.8721
14.3182
13.0088
13.1151
14.8802
12.6655
14.8022
13.6031
13.5333
14.3639
13.1479
14.4694
13.932
12.1359
12.7606
14.8359
14.0163
14.3227
13.983
13.8676
11.8289
14.7041
14.9764
14.8796
14.6195
11.7868
14.1069
14.9066
14.9163
14.7153
13.5734
13.8622
13.6134
11.6158
14.1413
12.944
14.0061
12.3973
13.3319
14.8019
14.7011
14.0362
14.7069
14.1276
13.5883
14.9288
13.5628
14.7845
13.1781
12.9987
14.4213
13.709
14.2039
13.6116
14.3539
14.369
13.5823
12.7154
14.8745
14.7247
12.4744
14.1778
14.8503
14.8933
14.8916
14.6876
13.5754
13.3995
14.0922
11.6929
12.7491
14.919
13.6597
13.1037
14.6975
14.4361
14.1339
13.7398
13.9315
13.6187
10.6533
13.4445
14.2538
14.2322
14.0876
13.2097
13.4152
13.8013
14.6493
13.7598
14.8533
14.1942
12.3455
14.6373
13.3448
14.0152
14.0514
14.4569
14.1141
14.6217
14.4561
14.7601
13.942
13.3954
13.4632
14.8842
11.9638
14.6854
14.5246
13.9516
11.0832
11.5297
13.9174
14.6719
14.8995
11.0331
12.5963
13.9483
13.6187
12.5873
14.9875
13.0955
14.8316
14.8276
13.8451
14.5265
14.3109
14.4469
11.5622
13.9885
14.6512
13.9651
14.8874
14.3901
14.1522
14.7724
14.4202
13.9338
14.9163
13.4327
14.9391
13.8092
14.6369
13.4677
12.1643
14.9307
14.7277
12.7093
14.0004
14.0698
14.5069
14.2693
14.8572
13.7168
13.8873
13.8442
14.2284
13.8736
14.7889
14.5989
11.4504
14.6506
12.3748
11.7614
11.3786
13.5091
14.9572
13.6992
14.9376
14.9389
14.9835
14.3781
14.5986
14.7283
14
13.1924
14.3499
13.8033
10.9986
14.3947
14.883
14.5216
14.2827
14.3732
13.6874
14.059
12.6136
14.5866
13.8406
14.0417
13.6495
11.6441
10.5062
13.563
13.2239
14.033
12.8052
14.5096
13.3774
13.8425
13.564
14.6487
14.6761
12.2996
14.2407
14.0789
13.9617
13.9463
13.9502
14.8655
14.8446
13.4189
14.3331
12.3636
14.3159
14.3322
14.6836
14.8775
14.3475
14.4843
12.9078
14.8334
14.1339
14.5738
12.0735
14.7858
13.9209
14.5912
12.1119
12.5426
13.3813
14.8756
13.6711
13.6596
13.5893
14.6523
13.1354
14.0699
14.567
14.8995
14.1656
14.9734
14.5148
14.8011
12.0024
13.2916
13.5563
14.2718
12.8331
14.8627
14.8719
14.1406
14.7646
14.386
14.9311
14.357
13.4656
14.8456
14.7902
14.6933
13.6656
13.8897
14.1419
14.5755
13.2921
13.8812
14.7871
12.1676
14.8293
13.7044
13.688
13.7281
14.6309
13.2516
13.424
14.964
14.6093
12.9516
12.8116
13.4622
14.3829
14.897
14.8178
14.7078
14.2738
13.6207
13.9171
14.0178
11.291
14.6507
14.5916
14.1246
14.7515
13.5707
14.0108
14.3659
14.0919
14.302
14.8572
12.6285
14.5507
13.7291
14.5304
12.0849
13.5631
13.9249
14.6132
14.8296
14.3486
13.555
14.2058
13.2218
11.6675
12.1933
12.5898
14.9761
11.7775
13.178
11.0086
13.7319
13.1479
14.1213
14.5714
14.8477
14.0299
14.0774
10.955
12.1853
14.2784
12.692
12.3447
14.5918
14.2224
14.4407
14.2314
14.733
13.1975
14.8625
13.7513
13.8256
14.7077
11.1642
14.998
14.567
14.7415
14.9578
13.7389
12.0184
14.8726
14.465
13.5654
14.9658
14.3754
13.9984
13.6983
14.7672
14.232
13.5294
10.8162
14.9357
13.7408
14.2744
11.4882
13.9354
12.7241
14.9366
13.2161
13.1722
12.9506
14.31
12.2864
13.4474
12.9157
14.8729
13.0579
13.8654
14.9689
13.6371
12.6458
13.9712
13.3396
14.061
14.2819
14.6419
14.9898
13.4122
14.5472
13.8338
12.685
14.8642
13.0083
13.1413
14.7674
14.9696
14.7875
13.6323
14.6791
14.1152
14.3777
13.5071
14.4556
14.1578
14.4083
14.9152
13.8182
14.4235
14.99
13.514
13.8608
12.8563
14.2393
14.4816
13.5854
14.0763
12.6225
14.3852
11.6697
14.2318
11.475
10.3799
14.5367
13.7854
14.809
14.7252
14.8469
12.5102
11.9376
14.9925
13.1988
12.5395
14.8796
14.783
14.0683
14.8237
12.4267
14.5671
14.8436
14.9969
14.2675
13.0644
13.9414
13.1126
14.6581
14.2417
13.2822
13.9664
14.5801
14.5134
14.4702
14.9027
12.8788
14.8432
14.4338
14.8295
14.9499
10.6918
13.9066
12.2104
13.0868
14.8539
14.1652
13.9373
13.6758
14.9208
14.7751
13.0375
13.585
12.5624
12.2291
14.8155
14.6938
14.4853
14.9388
14.4696
13.9061
14.2507
14.1161
14.8976
12.6245
14.8824
11.3545
14.2595
13.7315
14.4905
13.8496
11.366
10.2714
14.8317
14.4087
12.8748
14.3764
13.1821
14.9527
14.7295
13.8832
13.5664
14.7798
14.4604
14.841
14.8737
14.4379
14.0212
14.3327
14.3678
14.7184
14.6509
11.7589
13.5633
14.5731
14.3924
12.215
11.1817
14.7355
14.158
14.3937
10.4188
14.4805
13.9023
13.3593
13.47
13.0745
14.6796
12.8531
14.5723
14.6967
14.9819
13.1924
14.6445
13.9932
11.3969
13.6234
13.4323
13.793
14.6324
14.6334
13.5758
14.8615
13.1596
14.199
14.2179
14.557
12.7858
13.9138
14.7554
13.5028
11.482
14.7714
14.9001
13.9316
10.8119
14.8491
14.5773
14.9044
14.5619
14.6475
14.4724
13.8955
14.9809
14.3683
13.7869
14.9353
14.8888
13.4946
14.7451
14.3255
14.6465
11.8596
13.0633
14.721
12.9151
14.9619
12.9386
13.2398
14.8312
13.6053
14.2188
14.5774
13.9352
13.5696
13.2416
13.7659
14.0108
14.8063
13.3869
13.5993
14.9146
12.3648
14.3992
14.7779
13.742
14.3545
14.7935
12.7763
14.4354
13.6001
13.5844
14.6535
14.2913
14.7242
14.072
14.1352
14.6769
11.6465
14.1289
13.522
14.3431
13.6722
14.1787
13.6623
13.7394
13.0365
14.7168
14.6791
11.7611
13.6102
13.9709
12.8499
14.644
14.0106
14.9948
12.335
12.72
13.0606
14.2088
14.8106
13.3796
14.6556
11.0995
11.3658
14.6956
14.9819
14.7416
14.8056
12.9758
14.7618
13.5534
13.8914
14.7583
13.6336
14.8558
11.1323
14.5809
14.4618
14.7223
13.1653
13.2732
12.3456
14.3353
12.2332
13.3238
14.2968
13.9259
14.3729
12.8533
14.4623
14.3713
14.8602
13.3516
14.2405
14.4222
13.7789
14.7139
12.9625
12.752
13.7283
12.7968
13.2474
11.6736
14.5293
14.5613
14.8549
14.3055
14.6277
14.4933
13.058
10.1818
13.9681
13.5889
13.513
14.3184
14.1056
13.8167
11.5867
12.8949
13.4461
14.1575
13.4012
14.6534
14.508
14.2967
14.4269
12.4179
14.0949
14.91
13.1785
14.6409
13.7561
14.8855
14.6183
14.7664
14.2994
13.1097
12.7171
13.4394
14.936
14.7357
14.1223
14.0733
14.597
14.2289
13.4697
12.7925
14.8738
14.878
14.0456
14.2285
14.7346
11.5484
10.7418
13.8093
13.811
14.9436
14.5313
13.3706
14.5011
13.7769
14.333
14.5981
13.6083
12.9873
11.8222
13.4546
14.811
10.1445
14.8901
14.6491
14.8101
14.5087
14.8781
14.413
11.7268
14.4973
14.5396
13.9818
14.213
13.4205
14.8774
13.65
13.7356
13.1383
13.5573
14.5533
14.0665
14.4486
13.7923
14.0208
14.9327
11.5634
13.7886
13.0533
14.3556
13.1702
13.7496
12.2489
14.4148
12.4134
12.6312
13.2685
14.8443
14.7628
14.4033
14.7399
10.931
13.9408
13.6122
14.5217
13.6832
14.9174
13.8579
14.1929
12.2971
14.9725
12.4465
14.5461
13.3102
13.3523
14.5274
14.1792
11.4636
14.0731
13.7435
14.3219
14.9348
13.7196
14.3477
14.5231
13.402
13.5944
14.4642
14.7417
14.3898
14.7413
14.3222
14.4665
14.8283
14.5368
14.7474
14.4875
14.2867
13.9085
14.2655
14.8092
12.8024
14.9201
14.7947
14.948
13.2455
14.5664
14.1521
14.7699
14.978
14.8383
14.8584
14.6613
13.6698
13.6783
14.9039
14.066
13.5503
14.2808
14.4527
13.4207
14.7756
14.7654
14.3982
14.0309
14.4599
13.2246
14.9283
14.3779
14.3043
10.9933
14.4358
14.7491
14.443
13.5424
13.6499
12.7322
14.8858
12.6307
14.6811
12.9203
13.9894
14.4911
14.0722
13.675
12.8545
14.0757
14.5067
14.9713
10.8183
14.7236
14.2469
13.6232
11.8865
14.8702
13.2184
14.7569
13.9143
14.7697
13.351
11.8139
12.3989
14.9988
14.2404
13.104
14.7957
13.9043
14.7906
14.2726
14.1052
13.6971
14.9961
12.7324
13.5664
10.7793
13.0974
14.7485
14.699
13.8785
14.3692
14.8254
14.8356
12.7833
13.4619
14.649
10.6735
14.5995
14.9716
13.4202
14.721
14.1941
13.8285
14.3038
13.639
14.6318
11.8516
13.6106
13.9426
14.5418
13.9288
14.3188
14.5975
14.3804
13.4568
12.0686
10.7412
13.4948
14.3328
14.7876
13.9069
14.8471
11.3812
14.2052
14.7953
14.7027
13.3987
13.7165
14.8329
13.255
14.2072
14.738
13.284
13.6591
14.8313
14.3567
14.4997
11.1853
14.9271
14.8205
14.3049
14.8134
13.4928
14.1623
13.9577
14.8811
13.8984
11.3165
14.9161
14.2748
13.721
13.302
10.6518
14.1506
14.575
13.8624
14.7449
13.9167
14.8825
14.5788
12.5587
14.1719
14.9969
14.5736
14.9574
14.2896
14.364
14.7034
13.6864
13.8528
13.9166
14.6226
14.9035
12.0053
13.9485
14.9721
14.279
12.5474
14.6566
13.6844
14.6155
13.2021
14.2943
12.8445
12.3481
13.2463
11.8445
11.372
13.4789
14.7581
14.6135
13.8887
13.9512
14.9279
14.6576
13.6493
14.8414
14.5305
13.4587
12.5821
14.2443
13.4603
12.8434
13.7555
14.2921
13.6681
14.606
12.4419
13.6763
12.6924
13.5522
14.369
14.302
14.7629
13.5263
14.9273
14.9619
14.347
14.6893
14.552
13.815
14.1268
13.2241
14.6144
13.7547
12.0516
14.7448
14.4754
14.9342
12.9264
14.6378
13.9134
12.7208
14.6728
13.5982
14.8079
12.6891
12.9254
14.3151
13.5299
13.8213
10.3229
14.987
14.6654
14.6004
14.7825
14.6404
14.7842
10.4706
12.4194
12.0233
14.4772
14.8701
11.8013
14.7979
14.4493
14.1836
14.8359
13.3984
14.7115
11.7866
13.1483
14.466
14.1877
12.9412
13.679
14.523
14.8701
14.3232
13.6003
14.129
13.5174
12.9047
11.311
13.8284
13.8163
11.8916
11.2025
12.9386
14.897
14.7384
14.2697
13.5861
13.822
12.7447
12.6452
14.5655
13.9348
13.7261
13.4141
14.1239
14.3921
13.5182
14.4115
14.445
10.5709
11.6192
14.6079
13.5391
14.5911
13.8181
14.9621
14.4415
13.6287
14.1857
14.2593
14.4206
13.9806
14.2953
13.8417
14.8795
14.285
13.9019
12.3824
13.7387
14.3733
14.695
14.9383
12.403
14.7181
12.629
13.9215
14.9009
14.6605
13.4397
11.4776
10.1654
14.6365
13.4838
14.067
14.8961
14.9881
12.3626
14.2776
12.01
13.1757
14.0753
14.6116
14.1439
13.5007
14.4324
13.3254
14.7095
14.9957
14.958
12.2812
12.8221
14.2173
13.2098
14.9887
14.6627
13.8518
13.4754
14.7472
13.7958
12.862
13.9637
14.9711
13.2281
13.6294
14.89
13.4306
14.2709
12.9038
14.0196
10.5165
14.8289
14.4947
14.6365
14.1842
13.8834
14.7397
13.8163
14.2158
14.6298
14.977
14.8579
12.6428
11.4878
10.481
14.5923
14.6751
14.4002
12.6811
14.1899
14.1419
14.8963
14.5692
14.3589
14.8968
14.2443
14.4042
14.3126
14.7138
12.9189
13.2658
12.4147
13.8923
14.7303
14.7824
14.1962
14.8223
11.8066
14.8393
14.2626
14.9955
14.5212
14.8918
14.9895
14.3767
13.483
14.352
13.6813
14.8504
14.6546
14.2919
14.7259
14.3569
13.1236
14.5264
14.9858
11.8244
12.018
13.6283
13.6735
14.6168
14.947
14.8672
14.6836
13.2903
13.7908
13.8084
11.6357
12.1243
13.702
14.5818
14.7247
14.0709
14.6415
12.9591
13.4576
14.3938
13.8463
11.8188
14.6654
14.547
13.884
10.5141
14.0442
14.1511
12.9716
14.2303
14.8713
14.9797
11.6835
13.4085
11.517
12.9718
13.8923
13.6142
11.2468
14.844
14.7557
14.1272
14.4472
14.2018
14.2503
13.3757
11.276
13.3846
14.1788
13.8758
12.0781
12.675
14.0917
14.4962
14.4318
14.2017
14.4937
14.4779
13.3348
12.8398
14.7791
14.3007
14.3124
11.0075
14.7228
12.6116
13.1457
13.4997
13.958
14.7718
14.7204
13.023
12.1088
14.2574
11.6549
11.6468
12.453
13.2512
14.9428
10.5803
12.6579
14.5776
13.7883
14.2929
13.8934
12.4816
12.9847
13.8537
13.9017
13.7503
13.7954
13.2395
14.8573
14.5734
14.706
14.4444
13.3679
12.4321
14.2186
14.6292
11.99
14.0768
14.48
13.6197
14.4213
14.8506
13.3591
13.9541
14.2695
13.4048
13.6807
14.3818
12.7292
14.6856
13.3783
13.6002
11.2013
14.4951
13.711
13.7834
11.4091
13.7118
12.4051
14.4144
14.8949
14.5614
13.9837
14.847
14.4778
13.891
14.3237
12.2784
14.7237
12.769
13.8536
13.7977
14.4309
13.9701
14.5202
14.6495
14.2372
14.3469
14.8158
11.8973
14.6247
14.1607
14.1112
13.7253
14.8129
10.5981
14.2538
14.8853
12.9376
14.719
13.0859
13.7577
13.408
14.128
14.2264
13.8447
12.4115
13.5811
12.9243
12.3086
13.0694
13.5154
13.787
12.6643
14.9509
14.6496
14.965
13.7305
14.823
13.0655
13.7483
14.9423
12.0893
12.0777
14.337
13.7882
13.2909
14.538
14.8706
12.5445
11.6851
13.4496
12.9098
14.5918
14.2146
14.5232
13.8516
14.7161
14.9481
14.0642
13.2992
14.0332
13.5827
14.1489
14.9262
13.5009
12.4019
13.7804
14.2204
14.087
13.9012
14.9376
12.7022
13.3042
13.3882
14.5995
14.4847
14.4767
14.8948
13.5496
12.6205
14.3295
14.4106
13.6881
14.7367
11.2629
13.635
14.3898
12.8787
14.3042
13.9683
13.7573
14.2599
14.5229
14.9284
14.8992
13.0659
13.4804
13.9488
13.227
14.0771
13.1152
14.6239
13.3518
14.568
14.2894
14.1749
14.1383
14.5446
14.7261
10.9367
13.5197
14.2556
12.7858
14.7998
12.8655
14.3668
10.3386
14.1072
11.2772
14.0587
14.8089
14.6767
13.2366
14.469
13.7326
13.6171
13.8447
14.8488
14.0255
11.5008
12.1514
14.353
14.9515
14.164
14.0167
14.6466
14.3897
14.8687
14.4091
14.8852
13.797
14.5814
14.6336
14.6482
14.5541
14.8712
13.9237
12.5489
14.9375
14.7469
14.5548
14.8716
13.4054
13.6233
13.909
14.4029
14.6031
12.6821
10.8666
14.3327
13.5634
13.3906
14.7048
14.3328
13.9988
12.0002
14.1733
14.1494
11.9275
13.8746
13.0025
14.8026
13.5128
14.6671
14.9403
13.7428
13.8444
14.1867
14.7795
14.7081
13.7412
14.9412
14.9154
14.5045
13.6678
14.8735
14.8884
12.8136
14.5753
13.7308
14.6378
14.3002
13.2744
13.3542
14.9931
14.3095
10.6674
14.9677
14.7783
14.233
14.4991
14.7595
12.8247
14.8285
13.5946
12.9124
14.3321
14.23
14.7993
12.7821
14.3312
14.2069
12.5735
10.6276
14.4157
11.3453
14.9637
14.9724
14.1443
14.8914
14.0648
13.0011
13.3921
14.5973
14.5575
12.7738
14.6024
14.6292
14.7617
14.386
14.9248
12.5574
11.9558
14.2384
13.7242
14.3572
14.3989
13.6262
14.5491
14.5822
13.7306
14.5037
14.987
10.4672
11.2962
13.5913
10.1418
13.889
14.2895
14.063
13.411
14.7724
11.7965
14.439
12.6639
11.5666
14.4105
13.7121
14.5598
14.077
14.0992
14.3601
14.3679
14.8036
14.3124
13.919
13.7728
10.5666
13.5867
14.0807
13.106
13.0579
14.388
12.7589
14.8809
13.4987
11.4173
14.7973
14.1906
12.5293
14.8886
14.5101
14.0041
14.5502
13.2216
13.743
13.3357
13.2013
11.7294
14.9979
14.2685
14.471
13.7284
13.9037
14.1066
12.8628
14.1549
14.6206
13.6112
14.3662
11.6498
14.6222
12.009
14.3599
13.7063
14.4039
13.3566
14.958
14.2246
12.9497
14.611
12.6609
14.6193
11.7984
14.4864
13.2591
11.5855
12.7296
11.2645
14.8563
12.7995
14.4319
14.259
14.529
14.4278
11.3607
13.6407
14.3967
14.195
14.4438
13.8762
14.2645
14.0797
14.5063
13.4745
14.9737
14.1192
14.8193
14.0105
13.1973
13.8517
14.3254
13.8931
13.0901
14.3652
14.0334
14.4695
14.7806
14.8963
13.7156
14.178
13.0575
14.7251
13.2872
13.8678
11.1133
13.4864
14.8694
12.7812
14.174
10.8426
14.7986
13.4223
12.9678
13.8847
14.2039
14.0451
14.5434
14.8914
13.3468
14.7301
14.9198
14.4267
10.5289
14.428
13.1959
12.1694
14.585
13.2827
13.7798
12.6031
14.4582
14.8011
13.9805
13.6485
10.2843
13.0679
12.0454
13.4674
14.523
14.7156
13.6238
14.8216
12.9325
14.0747
14.552
14.0765
14.7966
14.963
14.397
11.9216
13.4826
13.589
10.9192
14.0345
13.5063
14.0641
14.9109
14.6491
13.6195
14.691
13.0326
14.3767
14.181
14.6803
13.887
14.1271
12.5613
14.6628
14.5492
14.9429
14.9137
12.9325
13.8931
13.8457
13.9105
13.8039
13.7174
12.678
14.2192
13.2241
14.9359
12.5634
14.4182
14.7541
12.4194
12.3962
14.504
13.9148
14.287
10.4081
13.8734
14.2208
11.9316
14.2505
14.8525
14.612
11.2824
12.7865
14.5864
14.3364
14.8705
14.2259
13.5254
14.9493
14.5687
13.28
13.2225
14.085
14.8137
14.9764
11.7356
11.5234
13.1439
14.185
13.162
12.8307
14.5017
14.319
13.031
13.7611
13.758
13.6499
14.3733
11.7351
14.5343
13.5777
14.8782
13.04
14.815
13.809
13.5682
14.473
13.8306
14.8602
14.5079
14.6946
10.3223
14.9214
14.002
12.5
11.1246
14.7604
14.763
14.595
12.2833
13.9346
14.3164
12.0096
13.7711
14.2674
14.9062
12.9859
13.3326
14.6428
14.0482
12.9564
14.7067
12.1933
14.8467
14.7989
13.194
14.8407
13.21
12.1442
14.4419
11.5709
14.0263
13.7929
12.4441
14.303
11.1457
14.2344
13.5893
13.4341
14.4747
13.9352
14.7534
14.6789
14.6912
10.8368
14.6809
13.7535
14.6646
14.3742
13.3973
14.7471
14.7881
14.3708
14.2863
13.6857
14.4344
14.1807
14.0571
14.7288
14.5719
14.3021
14.6625
14.3081
14.5367
14.4545
13.1239
14.9402
13.243
14.4594
14.7124
13.7387
10.4714
14.6186
14.7343
14.5289
14.4487
14.797
14.763
13.2108
14.7588
14.8809
14.5016
13.9467
14.8119
14.5829
14.0313
13.8526
13.9441
14.2578
13.8085
12.5746
14.5142
14.0065
10.0505
14.3373
14.0268
14.0644
13.844
14.5347
11.8353
12.0522
14.4648
14.7338
14.4784
14.8728
14.0013
13.2973
14.9926
13.687
13.6041
12.8024
13.9818
14.6193
14.4853
14.7598
11.5506
14.9586
13.75
13.0794
14.7716
10.626
12.0317
12.77
14.1729
14.6397
14.9066
14.4739
14.7599
14.1426
12.748
14.1473
13.2108
12.6153
11.1667
14.7408
14.6099
14.8311
13.5508
13.4204
10.0407
14.5461
14.6992
14.7604
12.5717
13.7594
14.6577
11.7535
13.2582
14.0299
14.9493
13.826
14.2619
14.9063
14.9937
14.8256
14.9109
12.482
14.7271
14.2753
13.7111
14.1543
14.9857
14.8365
14.5111
13.9664
13.5392
12.5211
13.8664
13.873
14.8048
12.4056
14.6695
14.9286
14.515
13.3527
14.9797
14.8951
13.2297
14.8172
14.3682
13.9724
14.35
13.397
12.8061
11.5247
14.0237
11.3438
14.5938
13.748
14.6063
13.8579
14.7262
13.6341
14.7265
13.7636
14.3734
14.7198
14.8666
14.1952
14.6895
14.4454
14.4355
14.2558
13.5394
11.7365
14.4512
14.2085
14.6586
12.4974
14.3289
14.7002
13.7774
13.6355
14.5885
13.4521
12.5459
13.6203
14.5312
13.4133
14.103
13.3807
12.4847
14.9901
12.7239
11.2456
14.9084
13.7378
13.7245
13.0493
11.8238
10.169
14.9993
14.0821
14.2742
14.2058
14.8442
14.7065
14.7073
14.4131
13.7236
12.3316
14.7946
12.8996
13.0045
11.4701
11.4773
13.2506
12.7237
12.3283
14.4738
14.5858
13.0773
12.8148
14.1983
14.1457
13.0288
12.6771
13.8946
14.7611
14.7478
14.1239
13.9569
14.5094
14.1703
14.7912
12.6209
13.4138
14.9458
14.7357
13.2036
14.8666
14.9764
14.9673
14.0403
12.9663
13.8647
14.6257
14.2212
14.8231
14.6748
11.1549
12.6258
12.8263
14.7178
13.1577
13.366
14.3174
14.649
14.5205
10.7586
13.3263
13.288
12.8651
13.4282
14.4942
12.2199
10.995
13.6553
14.2067
13.109
14.587
12.4474
10.6669
14.1178
14.1967
11.9111
12.6923
13.4957
13.191
14.5322
13.6771
14.1041
10.0657
14.5189
12.3184
14.4156
13.4075
14.4881
14.0332
14.9979
14.2865
14.6454
14.3776
12.0849
14.9733
14.3347
14.4853
13.6697
10.5779
13.1947
14.5272
14.5427
14.4915
14.2772
14.0838
13.6449
12.6106
14.2388
14.2877
14.7974
14.7472
13.5105
13.5518
14.1753
12.2312
13.9172
14.0464
12.9923
14.3037
14.251
12.929
14.3896
13.9823
14.5408
14.2372
12.9073
11.6992
13.5354
14.2033
11.8802
14.4086
14.9604
13.2126
14.7518
14.69
12.8179
13.5233
13.9455
14.1602
14.5086
11.7548
12.2644
13.051
14.1816
14.857
13.503
14.955
14.8328
14.6485
13.9899
14.11
10.6524
14.282
12.4026
10.6953
11.9984
14.0279
14.9543
13.9749
13.9063
14.1002
14.2296
13.9791
14.4611
12.8093
14.1923
14.921
13.2641
14.5103
14.6436
14.9889
13.8263
12.1138
13.6068
14.8245
14.2921
13.9105
14.0109
14.6357
14.2703
14.5987
12.4009
13.6599
14.4743
14.35
13.5388
14.4406
14.0213
14.4554
14.4082
14.0478
14.7945
11.5403
10.8354
14.8075
14.5527
14.1269
14.0308
14.8772
14.5603
11.9906
13.6502
11.7782
14.3992
14.9843
13.0048
14.6215
14.3027
13.1297
13.9238
14.7152
14.8018
13.246
14.0221
14.4836
14.8396
14.2508
13.5695
14.1447
14.8264
14.5577
14.2966
12.5641
14.2951
14.4581
14.6797
10.1289
14.9529
13.7573
14.6406
13.872
13.2537
14.7513
14.3542
13.0354
14.712
14.2293
14.3738
14.2174
13.7408
13.4067
14.3551
13.8499
14.5763
13.899
12.7511
13.8889
13.7162
14.6273
13.6165
12.1262
14.8696
14.3993
13.6135
12.6529
14.5459
13.5365
14.613
14.5905
14.4763
14.2343
13.1947
14.8737
11.5759
14.6642
14.8421
14.4719
13.8754
13.6272
13.2184
14.7182
14.9435
14.5389
14.6722
14.3287
14.9007
14.6728
14.6296
12.538
14.0494
14.9192
14.8968
13.7081
14.8579
14.5802
13.5619
12.1185
14.3789
10.4452
14.0703
14.8672
13.5421
13.823
12.7917
14.9483
14.5587
13.4666
14.9796
14.7004
13.4694
14.6852
13.6958
14.8064
14.9079
13.1245
14.9049
13.4936
11.0394
14.5864
13.8384
14.1407
14.3884
14.7843
13.703
13.7794
14.9801
11.638
13.1665
14.649
13.5857
14.9614
12.923
12.4349
14.4311
14.6646
13.2172
10.4898
14.5231
12.8502
13.4235
14.538
14.7756
14.867
12.2071
14.8197
14.3074
11.5028
11.7924
13.6184
14.9592
13.9793
13.0133
13.4497
12.9941
14.7045
14.0941
14.6888
13.5874
13.5042
12.9858
14.8562
12.5421
14.8437
12.1126
13.8738
14.8348
13.7026
13.7641
12.4126
14.7747
14.6952
14.5136
14.7249
14.0835
14.9854
14.3734
13.7789
14.5031
14.1498
11.6147
14.2434
14.954
13.2321
14.3564
14.8634
13.5914
12.4744
14.06
14.8032
13.9187
13.6623
11.7416
13.6521
14.9734
12.5345
14.3089
13.4298
13.6197
14.5314
11.3874
13.7289
13.3433
14.9408
13.56
13.7568
14.5438
14.3517
14.0419
14.56
13.3978
14.4215
11.76
14.4926
14.6406
14.814
14.9808
12.5229
14.1669
14.7462
13.8548
14.8152
13.1448
12.5946
12.15
14.5752
13.6115
13.4242
14.8901
14.0164
12.5885
13.0406
14.3682
14.2291
14.4035
14.6473
10.3668
14.6395
13.9558
13.6222
14.1571
11.5579
13.7114
14.5434
13.8234
14.2781
14.2183
12.2135
13.2064
13.1639
14.7629
14.8228
14.0841
14.7511
14.9785
11.0387
12.921
13.4424
14.128
12.9201
13.1486
11.2899
13.5925
13.2065
13.7539
14.9464
13.2632
10.6833
12.4243
14.2053
14.2877
14.0521
14.6655
14.7548
14.5103
14.7926
14.8085
12.0242
14.6478
14.8709
14.0473
13.8604
14.8422
13.0357
13.4785
14.7639
14.5161
14.2794
14.768
14.7486
13.5711
13.7253
14.8803
14.6094
13.57
14.3663
14.6744
14.7403
11.6064
13.6535
14.7747
14.223
14.5094
13.27
12.2667
12.758
14.5289
14.4013
12.9398
14.6374
12.2723
14.6662
11.9469
13.8667
14.9749
14.3319
14.2434
13.9238
14.4427
14.5585
14.0721
14.501
14.41
14.0784
14.8501
14.4648
14.3616
14.7322
13.2698
14.3281
14.0812
13.4425
13.6389
14.2036
11.9302
11.2407
12.7313
13.9046
10.9768
14.3117
13.6747
13.5306
12.8093
13.2743
14.4418
14.3675
14.9783
12.3173
14.5988
14.6667
14.8195
14.4472
14.2669
14.9295
14.84
14.0371
10.7703
13.8054
14.558
13.5932
13.6895
14.1643
14.667
12.3855
14.6777
11.7964
13.3323
14.3696
14.617
14.0615
14.4999
14.1365
14.8499
12.022
13.858
14.6565
14.2403
11.8755
13.9187
12.1497
13.77
13.2108
13.8614
13.6583
14.5746
14.0481
13.0172
14.9826
12.1608
14.5904
12.9771
14.844
12.8739
14.8598
13.8308
10.8327
14.9548
14.2698
13.3843
11.9977
14.7782
13.8351
11.0642
14.6804
13.5959
13.5244
13.7218
14.8532
11.3488
14.2671
14.8377
14.644
13.8706
14.8503
11.639
12.0425
14.9498
14.8758
11.9475
11.3576
11.2328
14.6782
14.5884
14.8099
14.4807
14.1654
13.7534
14.989
11.9665
14.9652
14.3848
14.4744
11.7764
12.9966
12.4276
13.6994
12.9122
14.6552
14.0052
13.0941
13.7639
14.9548
14.0239
13.2646
14.2853
13.6236
14.358
14.4746
13.1372
14.4277
14.0197
14.6173
13.243
13.3952
13.1799
14.9837
14.8369
14.328
13.9604
13.3051
14.2584
14.9537
14.1025
14.5806
14.4767
13.3531
14.951
13.8751
14.8648
14.9828
14.3389
13.6529
14.1132
12.5294
12.5858
14.0498
12.668
14.4266
13.0909
14.638
14.6239
13.931
13.6582
14.2211
14.3203
14.0844
14.1449
14.9734
13.1506
14.0609
14.948
10.7063
14.1628
14.4169
10.9286
13.4061
13.6986
14.9842
13.9996
14.9859
14.5226
13.5285
14.2718
10.5752
13.2988
13.8005
14.4688
10.8692
14.0744
13.4838
13.981
14.2079
13.3928
14.3867
14.0405
12.5415
12.5675
14.964
10.3957
14.7166
13.5278
13.7677
11.8441
14.813
14.5251
13.6925
12.9523
14.5502
13.6754
14.365
13.7344
13.2433
12.6818
11.3864
14.9367
14.8042
14.8954
13.325
14.5005
14.5662
14.8714
14.682
13.5204
11.7688
14.465
14.805
14.8054
14.6109
13.9702
14.052
14.4639
14.5111
14.9652
13.6745
14.4094
14.338
13.3299
14.9808
12.9757
14.8603
11.4576
14.8575
10.3644
14.0363
13.678
14.0726
14.839
13.8212
12.6575
13.5218
14.6551
13.558
14.9096
13.5442
13.9256
14.5677
14.6481
10.6189
14.0523
13.8773
14.4961
14.3073
14.3349
14.6918
13.5876
12.3762
14.2956
14.9862
13.0999
14.1323
13.2647
13.3411
12.1779
14.996
13.2452
14.0484
13.4926
11.4978
13.5145
13.5337
13.5776
13.9918
14.2352
13.9918
13.425
14.3631
14.3836
13.9121
14.2968
14.8975
13.7186
14.5985
14.6774
12.4702
14.115
13.3743
14.5308
14.4729
13.8928
14.1979
14.1266
13.6855
14.9018
14.0094
14.9762
14.6528
13.8242
14.5899
13.089
14.5884
14.4289
10.765
12.9895
11.4892
14.7216
14.5955
14.7251
14.349
12.9127
13.7566
14.5514
13.9847
13.8023
14.9844
14.2685
13.8629
14.8089
13.8861
14.7879
12.9921
13.8469
14.3989
12.1759
13.6945
12.8446
11.8711
10.4493
12.6034
13.694
14.2752
14.372
11.4455
12.8216
14.8297
14.8528
10.2905
10.9235
14.4595
14.9263
14.6686
14.8024
14.9382
12.7268
14.788
11.5663
14.8706
13.1835
14.3298
14.1456
13.7663
11.0398
14.8251
14.2097
13.8408
14.1475
14.5969
14.8211
12.0896
14.3078
14.8904
14.1082
14.4431
13.0208
12.9745
14.7715
14.9248
14.4651
14.1477
11.4889
13.1148
11.1906
13.4184
14.924
13.2836
14.7519
13.6091
14.4742
14.0888
13.8069
12.4288
10.9371
14.8966
14.7601
14.5837
13.7688
12.6423
13.3932
13.4974
14.8485
13.1339
14.7483
14.781
14.7056
12.6827
14.8267
14.9092
14.5008
14.2317
14.1406
11.7419
14.553
13.625
14.3218
14.7262
14.3116
13.43
13.1894
14.1457
14.1062
11.5011
13.868
14.3589
14.2941
14.0833
14.6654
14.9636
13.5148
14.5012
14.3388
14.7963
14.529
13.7038
14.5157
13.9331
14.2613
14.201
11.7128
13.8281
14.8036
14.9651
14.6149
14.7511
11.7715
14.1351
14.9468
14.4176
14.5588
10.4986
11.7387
12.7706
13.1873
14.425
14.4271
13.1255
14.8952
13.0524
14.1265
14.2561
14.4717
14.3882
11.1636
14.1519
13.6143
14.913
14.1291
10.4648
13.9209
12.8693
13.2865
13.0722
13.2525
12.5068
13.2885
14.6502
14.9697
13.8299
14.5094
13.7077
14.915
14.51
13.9533
14.442
13.8847
13.266
14.9629
14.534
11.6096
14.5982
13.7521
11.2992
13.3655
14.9991
14.7611
12.7207
14.8169
13.2193
13.9418
11.2034
14.6491
13.5334
14.261
12.3609
14.6815
12.9755
14.4992
14.9444
13.7754
11.9305
13.0214
14.1955
14.1104
12.482
14.5058
14.5551
14.9661
14.1434
14.0944
12.2237
14.8213
14.8191
14.2533
13.1902
13.9804
14.1334
14.9136
14.6064
13.3416
14.5094
14.4457
14.4014
12.6255
13.5202
12.4104
13.8694
14.5817
14.6473
13.8545
13.1111
14.9792
14.5479
12.4159
14.5343
13.2102
14.6732
13.8777
13.072
14.5688
14.8866
12.2656
14.8956
13.416
11.1928
14.2941
14.8617
13.5813
11.8467
11.9117
14.2245
13.7711
12.9901
14.687
14.2822
14.3509
13.6229
14.2012
14.6207
14.7229
13.582
14.2314
13.7948
14.7804
14.185
13.925
11.1417
14.8161
11.9606
11.8169
12.731
13.6005
14.472
13.9656
14.014
13.499
14.1219
14.7596
14.2247
14.8288
14.6898
14.0057
13.7195
14.0049
13.8897
14.8518
14.1387
14.9995
14.1856
14.9452
12.9801
13.4669
13.9347
13.7634
14.3238
14.9962
14.419
14.6788
14.5691
14.756
13.5666
12.9517
13.5876
13.8311
13.6242
14.5037
12.0124
13.7742
14.8591
14.8269
14.3726
13.6113
14.7531
14.472
14.8695
14.385
13.6346
14.901
14.7654
13.8471
14.3126
14.4384
14.3479
14.1214
14.8335
14.9767
14.9429
11.6764
14.7066
14.8279
14.8848
14.0934
14.9628
13.5334
14.8678
14.5531
12.9129
12.0893
14.3798
14.4286
13.0299
14.2292
10.8686
14.9327
13.0202
11.5911
11.4452
11.0668
13.5408
14.5213
14.3434
13.5278
14.6989
12.9891
12.9805
14.202
14.3334
14.7667
14.2273
14.7733
13.1651
12.134
13.5289
14.9334
13.7721
13.4161
14.9768
14.2637
14.4501
14.929
10.8896
14.2511
14.8735
13.1131
14.4719
14.1351
14.4911
14.7009
10.846
10.3768
14.6204
14.2941
12.8613
10.2025
13.3242
14.9011
14.2314
13.3386
14.0307
14.4977
14.695
14.6647
14.6481
13.3511
13.3315
12.8644
14.9088
14.8983
14.0767
13.9219
11.6413
14.8909
14.9675
13.0996
14.9707
12.0439
14.9974
13.3909
11.3308
14.5138
14.9117
14.8508
12.8663
12.0292
14.5397
14.4818
13.1646
14.59
14.6767
14.7247
13.9207
14.5599
14.5379
14.1903
11.2386
14.073
14.1841
12.6824
14.8822
14.2638
13.9492
14.8391
14.3486
14.0883
13.2627
13.8899
14.0196
14.6604
11.4452
11.5734
12.6855
11.6397
14.9601
14.4181
13.0273
14.9709
13.7631
13.7008
13.5209
13.8963
14.6591
13.2348
13.6716
13.4737
13.4157
14.061
11.5026
14.8191
14.6928
14.778
14.9527
14.5681
14.6955
14.2483
14.6294
14.9468
14.6364
12.7099
13.176
14.7375
14.6356
12.3624
14.8194
14.9899
13.8713
14.2384
11.9953
12.9887
14.3581
13.9325
14.6034
14.8082
12.1496
12.2421
13.5846
13.76
13.4612
13.6948
14.879
14.8318
13.0021
13.5807
13.8759
14.2255
14.1315
14.9001
14.6681
12.4829
12.095
14.8549
14.6384
14.831
13.2984
14.7309
14.9239
14.4687
14.4308
14.7913
14.8795
10.5021
13.4608
13.1893
14.3712
14.056
14.6936
13.9111
14.7186
14.0268
13.564
12.7072
13.0162
14.5964
14.3741
13.6265
12.5961
14.872
14.8028
13.4926
13.2561
14.8072
12.3363
12.6127
12.0996
12.5067
14.4046
13.5179
13.8945
13.7271
12.1935
12.5522
14.5793
13.7338
14.8057
14.044
11.4138
14.4841
12.2592
14.682
10.4019
14.9141
10.0553
13.3389
14.1531
14.7713
14.2746
14.794
13.6035
13.9955
13.7613
14.034
14.4395
13.7846
14.6926
13.918
11.0517
14.5873
12.3644
14.126
14.6869
14.6734
14.8809
14.4147
12.9875
12.9952
14.1014
12.8813
14.6303
14.554
13.0939
14.5234
13.6337
14.9659
12.956
11.4226
10.3021
14.5336
13.8138
14.1692
14.2569
14.3527
14.4661
14.1586
13.9008
14.3976
14.9843
14.0701
12.6241
14.9843
14.1206
14.5469
14.1907
13.4646
12.4823
13.5909
13.4259
14.4854
14.3145
11.7975
13.4652
14.6418
14.3389
14.4435
12.209
14.7569
14.499
12.8879
13.4716
13.8004
14.2302
14.0796
14.4939
14.3651
12.8708
12.9654
13.5112
14.0791
12.775
13.8538
11.1419
14.9592
14.6636
13.4605
13.9635
14.592
14.4321
12.2258
13.9968
14.0972
13.4737
14.5641
13.7335
14.3973
13.3789
13.5596
14.8114
11.9855
13.9644
14.0581
14.9412
14.2574
14.6865
14.0668
13.8511
13.8937
12.0535
14.3938
14.6245
11.3994
14.0262
13.5338
13.6264
13.8899
14.2292
14.7689
11.7618
13.5629
14.876
14.6891
14.0028
14.2962
14.4932
14.5894
12.6769
14.1689
14.3809
11.296
14.7935
14.4839
14.5818
14.9741
14.1932
14.2421
14.9551
14.8582
11.9871
14.4721
12.3528
13.7832
14.4262
13.5906
13.3798
13.4375
14.689
13.1278
13.7333
14.5335
14.2562
12.9908
14.0551
13.9649
14.9051
13.6295
13.4152
14.3778
12.7196
12.513
14.8593
13.3155
14.7807
14.6646
13.8341
14.5712
14.1982
13.5758
14.6054
14.4539
13.5847
13.3915
13.9466
12.464
13.9962
12.4195
14.9066
13.7363
14.2347
14.8499
14.3
14.2435
14.8603
13.9475
10.4545
14.8844
14.6321
13.8146
14.5936
14.2792
14.613
14.0213
14.5975
14.9799
12.3869
12.8249
13.6672
12.9615
10.346
13.4321
13.8611
14.0076
13.3859
13.0194
14.9062
13.0126
14.6145
13.406
13.1963
14.3629
12.3601
12.8775
12.3457
13.9991
11.6375
12.2114
12.9735
14.9756
14.8634
14.3991
14.816
14.6225
14.8098
12.9736
14.8527
14.8618
14.0945
14.6701
13.151
14.8994
11.7612
13.4976
10.3325
14.7712
12.7497
14.7262
14.8137
14.7609
14.3925
14.8972
14.3124
13.063
13.9704
14.6052
14.3455
13.901
14.5667
14.2212
13.411
12.2039
14.8406
13.8974
14.3469
14.9274
13.7345
14.8183
14.888
14.6259
10.7705
12.8601
14.6876
14.9876
12.4806
14.288
14.3575
12.1504
13.8698
13.8406
13.4967
12.8637
12.0352
13.6104
13.7355
14.9968
13.2162
13.9326
14.9653
13.7635
14.88
14.3426
14.9442
14.5846
14.5416
12.9723
13.2688
11.1982
14.2609
13.6962
12.8943
13.819
14.1436
13.813
14.404
14.9719
11.1122
14.5074
13.7084
11.9399
13.639
10.9573
13.9983
10.985
14.4402
14.0001
14.588
10.2468
14.6577
13.9208
13.4194
12.2779
14.9841
10.6593
13.8628
14.1688
14.5301
14.3345
11.258
14.4823
14.4568
14.3268
14.2279
13.3823
13.1873
13.9728
14.836
14.7224
13.52
13.6736
13.9955
13.1784
13.484
14.2543
14.0494
13.2303
13.8934
14.5039
14.0579
14.9687
12.8003
13.5854
10.9415
14.4323
14.9147
10.7297
14.0939
14.0989
13.3868
13.3919
12.7788
12.8621
14.661
12.2962
12.4544
13.2194
14.5615
12.7399
14.0686
13.4753
14.0618
13.6008
13.444
14.9998
14.2295
14.7378
14.9873
13.9143
13.8655
14.5681
14.6064
14.8023
14.6691
13.3029
13.6454
13.4172
14.6041
12.564
13.8801
14.1544
13.851
10.8452
13.7129
13.9676
14.448
13.8625
14.8434
13.5808
14.6906
10.5806
14.7744
14.966
14.9898
13.1138
13.898
14.2021
14.1715
12.1876
12.4634
13.6766
14.2658
14.7012
14.8759
14.0087
12.7933
13.2254
12.9559
14.5789
13.0171
14.146
14.293
13.5782
14.819
13.7378
11.3991
13.3976
10.7232
14.8006
12.9738
10.8272
14.3574
14.5193
13.8122
14.0636
12.6609
14.3989
13.1829
14.0778
14.0065
14.2013
12.8371
12.9593
14.502
13.4345
11.9821
13.6418
11.0096
13.6392
14.5469
10.4329
14.8519
14.5993
13.3412
14.509
14.2504
12.8963
14.818
14.0928
13.197
14.5834
12.0864
13.7746
13.9594
14.6355
14.0127
14.595
14.1343
13.6378
14.4925
12.6836
13.6912
14.5897
13.9877
14.6349
13.938
12.9177
11.9103
13.6991
14.1425
14.942
11.9905
14.8559
13.3507
10.0741
14.6626
14.8666
13.2977
14.8707
13.3305
14.4357
14.558
12.644
13.6338
13.437
13.514
14.7786
14.8145
13.3783
11.3568
14.635
14.3306
13.9202
11.8389
13.6193
14.6498
14.3631
12.6828
14.3045
12.7319
11.0559
14.2924
14.0042
14.892
14.0951
14.797
14.845
13.8613
13.8551
14.8595
14.5754
14.9752
14.7557
13.6746
12.9772
14.6741
14.9914
12.2286
14.1955
13.441
13.6912
14.4986
13.4921
13.8761
14.743
12.184
13.5524
12.2801
14.8007
13.4481
13.3419
14.919
12.4106
14.8674
11.2522
14.6276
14.7835
14.6367
14.2009
14.5324
14.3892
14.5482
14.1416
14.5945
14.3743
12.8311
14.0502
13.1355
11.3091
14.8206
14.7657
13.3626
13.5359
11.5654
14.5406
12.2955
14.7722
14.6553
11.904
14.7674
14.6252
13.2856
13.5249
14.5653
13.5279
13.2174
12.6283
13.632
13.7234
14.8269
14.9517
14.0073
14.2184
14.1169
14.0962
13.926
14.9863
14.8073
13.4103
14.7282
13.0584
12.5735
14.7156
14.8165
13.5837
14.8241
13.1158
14.8584
14.9573
14.4332
13.0817
13.4859
11.009
14.0278
14.6342
13.7996
11.6402
13.4758
13.7407
13.33
14.3648
14.3213
14.4178
12.9846
12.2807
14.816
10.8549
14.2536
14.8683
14.9942
14.5181
13.4945
14.4097
14.389
12.2482
11.3497
11.3592
12.8404
13.8042
14.716
13.1527
14.5945
14.8178
12.713
14.7909
13.5418
14.5787
14.8189
11.7242
14.1534
13.5655
14.44
13.9826
14.8648
14.0331
14.6167
12.3456
14.1718
14.8332
14.6271
13.831
12.1612
14.4629
13.0791
14.7322
14.3255
14.7651
14.7851
13.3197
13.1434
14.9028
11.8464
14.6379
14.3528
14.0714
14.9919
14.8096
13.2446
11.5527
14.7943
14.8574
14.8303
14.1968
13.0051
14.1959
13.5317
13.798
13.2283
13.228
12.4277
14.5998
12.5354
13.5703
14.6056
14.7787
14.8142
12.4094
12.4443
13.9059
14.0937
14.84
13.5772
13.6978
13.2234
13.4286
14.9338
13.5578
14.7428
14.6181
14.1962
14.2005
14.0542
13.32
11.4243
14.1805
14.7783
13.6522
12.8969
14.5797
12.8408
13.716
14.3639
13.9921
14.8281
14.9475
14.5235
13.3004
14.1347
14.9654
12.2589
11.7039
12.834
12.2792
10.8432
13.5448
13.7954
14.4764
13.9446
13.8458
14.6554
14.836
12.2113
11.5191
13.4106
12.7374
14.7344
14.4057
14.6172
12.9468
14.8775
12.8047
12.7234
14.9704
11.8425
13.4519
14.4968
14.1733
14.385
13.9124
14.3146
14.212
13.4346
11.6484
12.6405
14.7897
13.7492
14.5128
14.8124
14.8487
13.1837
14.7338
14.8499
14.8708
14.8248
13.2848
14.5328
13.2797
13.9155
14.977
14.725
12.2124
14.747
13.4403
14.8249
13.7303
14.2642
14.6514
14.8657
14.4125
14.6255
11.0631
14.9375
11.6087
14.7829
13.6496
13.597
13.7023
14.2593
14.7113
14.5141
14.969
14.6492
14.7931
14.9041
12.9406
14.4418
12.2925
14.418
14.5981
13.5049
13.9336
14.191
14.7598
13.7664
13.7886
14.1452
13.9923
14.2641
12.2432
14.3289
14.3193
11.2539
13.9944
14.7156
14.1074
14.5206
13.964
14.5607
13.3011
14.9163
14.4079
14.5392
13.5007
14.5138
13.3466
14.0194
14.3031
10.578
13.9895
14.2991
14.7972
14.1005
13.3635
10.7759
14.347
14.5652
14.8752
14.3585
14.8659
14.5985
14.0076
14.6564
10.7256
12.8369
12.9084
14.8982
12.7872
13.7817
14.7394
13.945
12.2227
13.5692
14.8047
14.1115
14.6083
14.23
14.5329
14.5555
14.6147
14.433
13.8534
14.715
13.972
14.1237
14.4629
10.8249
14.0121
13.387
13.1948
13.9206
13.2222
14.8841
11.9961
14.7303
14.0632
14.0522
14.8855
13.9293
13.4403
11.2401
12.6511
14.8608
14.3313
14.909
14.2433
13.1783
14.3435
12.0836
11.5319
14.4154
11.0002
14.7296
11.0404
13.5634
12.2757
11.9196
13.8166
13.8384
14.9217
14.4698
12.3603
14.4125
13.06
12.3765
14.7969
14.9218
12.328
13.465
11.9182
14.8832
14.8059
14.7128
13.7713
11.9698
13.6923
14.3572
10.8144
12.0515
12.5925
14.2422
14.3478
13.0983
12.3645
14.7389
14.8737
14.3626
12.393
13.6039
14.008
14.2289
14.0475
14.0406
14.917
14.6449
14.0017
14.415
14.9524
14.3353
11.3359
11.0297
14.3411
14.9067
14.6857
13.758
14.5555
10.1316
13.8507
13.1086
11.7313
14.5853
13.8122
14.2284
14.9073
13.6985
11.6869
14.6923
13.5435
13.3887
13.0003
13.9993
14.5736
13.8862
14.4337
13.1462
14.507
14.2365
14.7962
14.0792
13.7059
14.8297
12.0347
13.9114
12.5631
12.3592
14.9327
14.5288
14.5516
14.5005
14.8858
14.9351
13.1731
13.4614
13.4251
11.0924
13.7528
14.2056
14.7714
13.8065
14.6099
14.8679
11.6148
10.9663
14.6942
14.9233
13.0216
11.7216
14.152
14.1674
14.9385
14.3248
11.1836
11.5133
14.7104
14.9699
13.8501
14.0225
13.6926
14.9655
14.4897
14.3632
14.9097
13.7879
13.6489
11.5902
14.5125
14.9274
13.7877
14.7318
13.5058
13.9781
14.1362
14.2043
12.9544
13.4185
14.8312
14.5457
13.6156
12.9953
14.5408
14.82
14.8072
14.3091
14.4046
10.02
14.1681
14.6769
14.6691
14.0373
14.8959
14.4012
13.6529
14.4393
14.9327
14.4594
14.6996
13.866
14.7964
13.2174
12.8128
12.5495
14.6975
11.6951
14.8255
14.1735
14.4662
12.8053
11.6717
11.7355
14.8512
14.0086
14.9094
14.4398
11.6163
14.5591
14.2294
14.5694
13.5836
14.2268
13.4749
14.7591
14.1102
14.3075
14.606
14.8644
12.5232
14.1888
13.4537
14.2396
14.7859
14.6948
14.9848
14.3119
14.8699
14.3776
14.9341
14.7155
14.9202
12.8696
10.2876
14.1309
14.1589
14.8282
14.3364
13.1977
12.5808
14.5937
11.9435
13.7144
14.717
14.5042
14.9902
14.6833
14.3105
14.5962
13.9388
12.6796
14.0966
13.9467
13.2644
13.3215
13.3451
14.0369
14.9546
14.2116
12.3153
14.6977
13.1868
14.1785
13.7063
14.4356
14.9602
12.448
13.8269
13.7751
13.8619
10.9156
14.5154
14.5622
13.9416
14.8091
12.8937
14.9445
12.7764
11.3373
12.4
14.1809
13.1111
14.658
10.3348
14.8011
14.7844
14.7403
13.6152
14.2038
11.9165
13.1833
13.5457
14.2922
13.8602
11.7524
14.6856
14.1367
14.5623
13.3327
14.2785
14.6738
13.8875
14.2476
14.1059
14.8416
13.3911
14.4226
13.0176
14.6809
13.2755
14.16
12.7415
14.9911
14.2789
13.8937
14.6118
13.7094
13.8179
13.8738
13.7974
14.3098
13.4336
14.5598
14.3351
14.8332
12.8054
13.9502
13.4744
13.5985
12.3436
14.232
13.9307
14.6483
13.9487
13.7949
12.5216
14.7993
14.25
12.8504
12.9635
14.9275
14.1816
14.9983
14.8961
13.2506
12.0601
13.2575
14.4058
14.7643
13.4945
14.4582
14.0288
14.2327
14.3225
14.5411
14.7771
14.8095
14.8023
14.9821
14.5288
14.1074
14.7182
11.5773
14.7519
14.5537
13.9333
14.6852
14.8979
13.9231
14.6743
13.5828
13.9608
12.3514
14.2643
13.251
14.7379
14.9877
13.5933
14.9794
14.013
13.0974
14.393
14.6815
14.8014
14.6134
12.4284
14.8385
14.9282
11.3345
13.7013
14.4426
12.443
12.0441
13.5067
14.9759
13.988
12.3168
14.6857
13.9561
13.8607
14.304
12.0606
13.7429
14.7668
14.6355
14.9748
14.9819
11.8188
13.7985
12.4907
13.9978
14.6235
11.9854
14.8261
14.1853
14.8637
14.8131
14.8381
12.6954
14.9624
13.4563
14.8631
14.2288
14.7361
14.7856
14.5664
14.3097
14.59
14.4044
14.7244
14.702
13.5963
14.5129
13.5357
13.4883
13.9599
14.5746
11.1036
14.7248
12.8247
13.8768
14.8925
14.9702
14.5709
14.0221
13.6437
14.3168
13.5057
14.9621
14.2455
12.8239
13.2918
13.2108
13.0695
14.9676
14.7213
13.6433
14.2317
12.7212
12.8829
13.4481
14.4712
14.9748
13.2154
14.1131
14.6656
11.9235
14.5465
14.5157
12.9956
14.6178
12.7709
11.7552
12.9588
12.5043
13.4123
13.8286
13.5774
14.2965
14.3758
14.8455
13.5571
10.5952
13.5664
14.8914
13.8992
14.0682
14.9341
13.8529
13.9318
13.4091
11.1639
12.1542
13.7615
12.7422
14.304
14.2065
14.1029
12.9012
14.2159
12.1876
13.5181
13.8383
14.1582
14.9981
