14.5526
14.9987
12.9438
13.9035
13.9302
13.7474
14.4602
13.6196
14.8727
13.9955
14.5031
14.4774
13.9024
13.1209
14.729
14.1189
14.8026
13.6618
13.0476
13.9432
10.1228
13.3558
13.1617
13.3121
14.9715
12.3822
13.6152
14.819
14.6204
14.4008
14.5099
13.9571
14.03
14.0059
13.5691
13.5701
11.4899
13.2789
12.8707
14.1743
13.8982
14.4244
13.5589
13.2617
14.6448
14.4964
14.7938
13.7586
14.9916
13.4114
14.2043
14.6272
14.4544
13.6092
12.1919
14.7543
14.8227
14.8612
14.9359
14.4774
13.1756
13.7855
14.0602
14.8836
13.4422
13.8451
13.6015
13.7115
13.9746
13.2707
12.3661
14.7243
14.1153
14.6964
13.837
14.8623
14.3736
13.7666
14.89
14.3894
14.8168
14.9899
13.7334
13.5075
14.3401
14.6955
14.6092
13.0198
14.1655
14.849
13.2897
10.9833
10.199
14.5032
14.0115
14.937
14.5316
13.866
12.3566
14.0842
14.4639
14.5802
14.9171
14.0512
12.6934
14.3737
14.6543
14.2603
14.0481
14.5437
14.0899
13.3734
11.9485
14.9421
14.7915
12.4609
13.4938
14.7045
13.5826
12.9163
12.8642
14.9403
14.3015
14.0945
12.9551
13.5759
13.5294
14.9692
13.3968
13.288
13.7823
14.3433
14.8467
13.5228
14.066
13.7341
13.0031
14.8846
12.7926
13.7341
14.9975
13.2457
14.8077
13.618
13.032
14.2381
14.7507
14.8668
14.1491
13.2509
14.5816
14.4391
14.8993
13.1886
14.1457
12.625
14.9991
14.0234
14.7401
14.4673
14.1837
14.5939
11.6097
12.8968
14.2831
14.0909
14.3325
13.7387
13.3813
11.8952
14.2816
14.2947
13.1595
13.5149
14.8049
14.4375
12.6125
14.9187
14.7388
13.1902
14.7239
13.8849
14.0446
13.2332
14.2959
13.6396
13.8824
14.6906
14.7179
13.9989
13.5964
14.0368
13.7392
13.9969
14.6809
13.8957
14.5501
14.4083
13.5676
13.6401
12.9515
13.5424
14.2821
14.688
14.8884
14.9493
14.7214
14.2688
12.9989
14.7039
14.2066
14.4505
14.7564
13.827
14.8367
14.3014
14.9664
14.7406
14.6958
14.5677
12.5865
12.4517
14.7726
12.7909
14.8753
13.9215
12.5894
14.7771
13.5127
14.505
13.4828
13.0521
13.151
14.8347
14.3027
13.9519
13.6781
13.6672
13.2163
14.5213
14.9846
14.9022
14.5443
13.0715
14.0462
14.8784
14.2439
14.7684
14.663
14.417
14.0928
13.6461
14.2806
12.5069
14.2711
13.0372
13.2907
14.549
14.6854
13.7482
13.9401
14.3798
14.3339
14.9525
13.9203
14.7531
13.7254
14.0154
14.8748
14.2876
13.784
13.5984
13.6912
14.4772
14.3634
12.6731
14.9698
14.8059
12.7538
12.9511
14.9461
14.9451
14.6707
14.7305
13.5694
13.2184
13.9906
13.2366
12.8134
14.909
13.5172
13.4833
14.8618
14.4456
14.5446
14.3636
13.496
14.0304
12.1805
13.5409
14.7686
14.0741
14.6059
14.5856
12.9623
13.784
14.5686
14.1626
14.0644
13.9278
14.1039
14.2544
12.5736
14.2341
14.2302
14.2621
13.1518
14.105
14.707
14.8575
14.7283
14.6477
14.4055
14.8812
12.4331
14.6849
14.5684
14.4545
13.4432
12.3088
14.0964
14.1681
14.9517
11.7379
13.8327
13.4897
12.5669
13.3375
14.9917
14.2979
14.3542
14.9254
13.8383
14.6861
14.8739
14.2665
12.4815
13.6914
14.5947
13.2579
14.9381
14.661
13.3776
14.7703
14.7532
13.9811
14.8977
13.8475
14.9469
13.4517
14.9394
13.0317
12.2684
14.9208
14.8857
14.1536
13.9686
13.1809
14.0915
13.3837
14.9252
14.4359
14.3808
13.1817
14.3028
13.705
14.8444
14.4286
11.8812
14.2572
12.5143
11.7826
11.873
13.5755
14.9679
13.9863
14.9603
14.2496
14.9923
14.6834
14.5081
14.4024
13.1118
13.2004
14.4713
14.7109
12.462
14.5216
14.9206
14.147
14.7538
13.5275
13.8822
14.0724
11.9219
14.911
14.41
12.9068
14.2084
12.5766
11.2674
13.7673
13.7658
13.3517
13.0483
14.1221
14.5791
14.2383
13.9613
13.9121
14.5059
12.6623
13.4424
14.5973
13.0033
14.4822
14.1833
14.0855
14.8084
14.6156
14.7156
12.9584
14.2064
14.511
14.9018
14.6921
13.8574
13.7501
13.303
14.2572
14.6108
14.2451
11.6096
14.7821
13.7596
14.7197
13.1155
13.2095
13.2687
14.2616
14.437
14.1211
13.9897
14.3868
13.025
13.8476
14.8726
14.8862
14.3265
14.9783
14.3263
13.9783
12.7551
14.4802
13.9357
14.091
12.9119
14.3011
14.4556
14.7672
14.8106
13.4844
14.9233
14.4108
14.0911
14.9284
14.148
14.3641
14.4479
13.1499
13.5646
13.7874
12.8911
13.81
14.3105
13.8399
14.6495
14.1522
14.1338
13.6611
14.9765
13.8014
14.2186
14.9153
13.7329
13.2661
14.142
12.8186
13.7849
14.8844
13.9881
14.2027
13.6651
13.8983
14.5587
14.6078
10.8455
14.9691
14.8538
13.2849
14.7737
13.7815
14.3726
14.7888
14.7482
14.3047
14.445
12.6973
14.8709
14.132
14.5244
12.582
13.4227
14.0614
13.7417
14.8196
14.313
14.106
13.0197
14.5397
11.4873
12.0442
13.7244
14.9804
12.3096
13.9882
11.5687
13.7299
13.0315
14.5687
14.4715
14.6443
14.1699
14.4859
12.4156
13.4906
14.1776
14.5608
12.892
14.9366
14.1352
13.8265
14.4767
14.6672
14.3805
14.8712
14.5429
14.492
14.4087
11.6895
14.9981
14.7301
14.8528
14.9676
14.327
12.826
14.8572
13.8683
13.438
14.9853
14.7316
14.4211
13.2253
13.8434
12.8741
13.9943
12.1394
14.9776
13.128
14.5575
10.7258
13.8155
13.7162
14.5333
13.2908
13.4632
12.8836
14.8467
14.2283
14.5038
13.4061
14.7362
12.171
14.4508
14.8178
13.5963
13.155
14.1257
13.7789
14.6674
13.3925
14.6966
14.9894
13.1503
14.4572
12.974
12.8406
14.954
13.6698
14.1654
14.216
14.8917
14.7405
14.4333
14.6579
14.8053
14.4378
13.3771
13.6523
14.7737
14.5244
14.9054
14.0263
14.6843
14.9408
13.9021
13.1887
13.6556
13.8521
13.9737
14.2118
14.5219
13.8185
14.7329
13.2349
14.56
12.2903
10.9147
14.6396
13.7459
14.8647
14.1657
14.8175
13.3202
13.6998
14.9261
14.5724
13.4693
14.7106
14.2973
13.5999
14.555
13.2506
14.2152
14.8585
14.7328
14.1789
13.1079
14.5925
13.3584
14.7592
14.7117
12.9712
13.2396
14.9834
14.9548
14.8026
14.9483
13.023
14.6866
14.8193
14.7286
14.9503
11.0133
14.0321
12.9536
13.9063
14.573
13.6265
14.11
14.6797
14.2491
14.325
13.0293
13.199
13.4002
12.3142
14.3156
14.2832
14.6346
14.9349
14.5882
13.2614
13.5542
14.7358
14.9679
14.0221
14.889
12.8358
14.1847
14.3954
14.4335
13.53
12.5787
10.3581
14.7764
14.8304
12.8682
14.3457
13.5127
14.9816
14.1835
14.4377
11.9402
14.4226
13.5342
14.9502
14.8986
14.148
13.9495
13.5476
13.9932
14.5087
14.6953
12.5422
13.7443
14.5352
14.8617
12.4206
11.9289
14.6776
14.514
14.0989
12.2165
14.4283
13.9016
14.2757
13.1893
13.5558
13.9111
12.2205
14.3266
14.9724
14.9862
13.4142
14.621
14.288
13.6179
13.22
14.6488
13.6359
14.2201
14.6166
13.9829
14.8565
13.6791
13.752
14.133
14.6622
11.9375
14.3673
14.9041
13.2439
12.7526
14.7479
14.097
14.1469
12.1195
14.8124
14.7751
14.9698
14.3708
14.2302
14.4718
13.6496
14.9931
14.7423
14.6611
14.9212
14.9182
13.7715
14.7097
13.502
14.6263
12.6021
13.6278
14.0686
13.7227
14.9244
13.9653
14.1001
14.8586
13.3101
14.4539
14.2337
14.4842
14.1917
13.2012
13.9516
14.1489
14.9795
13.8722
12.9919
14.8592
12.4531
13.6847
14.5142
14.3148
13.8305
14.8588
13.5299
14.7159
14.0924
14.0998
14.5619
14.0883
14.6491
14.9095
13.373
14.2463
13.2215
14.6802
13.5716
13.563
13.2541
14.3789
13.4327
13.9779
13.6807
14.9158
14.7044
11.942
14.564
13.4129
12.5964
14.7787
13.6368
14.9903
14.0771
12.5259
13.4109
13.6914
14.9784
13.2645
14.6155
11.9622
11.3618
14.7874
14.5298
14.1606
14.2239
12.8997
14.8722
13.1667
14.4352
14.0929
14.0222
14.8767
11.341
14.6087
13.9396
13.8861
13.2095
13.8595
13.2048
14.0814
12.9757
14.0149
14.3237
14.615
14.288
14.3287
14.8495
14.5382
14.8589
13.2204
13.7122
13.7363
13.6861
14.7915
13.4391
13.3183
14.7412
14.0265
13.3591
12.9185
14.4814
14.5471
14.8942
14.5322
14.1001
14.3573
13.3375
10.5193
12.944
14.1168
13.3466
14.0111
14.231
13.6336
12.5294
13.1645
14.056
14.7709
14.5162
14.5801
14.705
13.4028
14.8408
12.8296
14.389
14.648
13.375
14.8897
14.4906
14.3179
14.7513
14.6682
14.6957
13.4512
12.4664
14.6801
14.9295
14.8446
14.0411
14.2374
14.5082
13.8466
14.2705
13.7078
14.8055
14.8541
14.0456
14.0341
14.6704
12.776
12.3682
14.5278
13.6391
14.3855
14.0623
14.4743
14.121
14.3964
14.7544
14.5596
14.5825
12.856
12.6367
14.5655
14.7942
11.7231
14.8947
14.6404
14.36
13.9728
14.4048
14.5753
12.0469
14.5146
14.1553
13.1378
13.323
13.3029
14.6847
14.0852
14.6973
13.5236
13.9634
13.7328
14.053
14.2545
13.4557
13.7587
14.9315
10.9607
13.475
14.2614
13.5426
12.6542
13.9071
14.1946
14.3184
13.3794
14.261
14.606
14.8574
14.2993
13.7698
14.7458
11.4032
14.0228
13.6913
13.9182
14.5356
14.8465
14.3135
14.0612
13.567
14.9583
13.1017
14.7337
14.0214
13.8199
14.4709
13.4582
12.8028
14.3162
13.4768
13.7179
14.9264
13.7926
14.3243
14.7551
13.5574
13.4395
13.7895
13.9204
14.6617
14.4376
14.3044
14.9499
14.4851
14.8896
14.8153
13.6289
14.3137
13.1052
14.4921
14.8595
13.2779
14.37
14.0815
14.9645
13.4961
14.2693
14.5271
14.2452
14.9939
14.2548
14.8171
14.6603
13.4255
14.1942
14.6473
14.3485
13.2286
14.7112
14.7952
13.3203
14.5663
14.5615
13.8573
14.1252
13.9159
12.1933
14.113
13.9108
14.1564
13.1775
14.464
14.1414
14.5316
14.6901
13.4688
13.1014
14.8754
14.4398
14.4478
13.7681
13.4135
14.7164
14.85
13.925
14.0056
12.9581
14.4684
14.9952
12.8464
14.7842
14.4105
13.5047
12.4988
14.4659
13.9749
14.8289
13.3739
14.6804
13.5582
12.0072
13.4655
14.9993
13.998
13.9021
14.4387
14.3123
14.4556
13.9746
14.0994
13.2213
14.9985
13.4273
13.2842
12.1076
13.8953
14.7283
14.8634
14.1362
14.2231
14.9609
14.9612
14.281
13.8769
14.7369
12.0085
14.8702
14.6848
13.0019
14.8034
14.5744
14.2048
14.6366
14.5187
14.5579
12.7764
13.248
13.1434
14.4599
13.4509
14.3595
14.5756
14.2991
13.6198
13.7535
10.9365
13.4598
13.9626
14.8792
14.1705
14.5654
12.3021
14.1987
14.7931
14.7593
14.2032
12.3122
14.877
14.4307
13.4063
14.5211
12.959
14.3064
14.4993
14.7253
14.3999
12.1873
14.9473
14.3478
14.0439
14.9208
14.0468
13.7747
13.206
14.865
13.0749
10.8145
14.928
14.7835
14.0394
12.8034
10.8979
14.3228
13.4152
13.8872
14.9293
14.1675
14.9518
14.6724
13.872
14.1729
14.9972
14.5622
14.9756
13.6558
14.2301
14.6957
14.394
13.703
13.906
14.7411
14.8903
12.4118
14.7727
14.9713
14.4176
12.3741
14.7405
13.5725
14.9668
12.7143
14.5664
12.5524
11.9663
14.1201
12.5217
12.665
13.8927
14.7656
14.6767
14.2099
13.8538
14.8025
13.7011
14.3199
14.8907
14.581
13.356
13.9807
14.0124
14.5676
13.8663
13.5269
13.6875
14.1817
13.8583
13.7915
14.7444
14.1942
13.6313
14.2227
14.3272
14.3372
13.5377
14.9109
14.974
14.7577
14.7467
13.849
14.1866
14.486
12.4085
14.3848
14.3584
13.9221
14.9128
14.7129
14.9295
13.9128
14.0775
14.5739
14.1183
14.6199
13.8226
14.7307
12.6469
12.9126
14.1944
14.2327
13.5988
12.2433
14.986
14.686
14.8239
14.7428
14.6258
14.4446
12.2018
12.4428
12.7769
14.7371
14.5151
12.202
14.7832
13.7034
14.6809
14.0792
13.1227
14.3596
13.8268
14.4978
14.3066
14.3604
14.419
13.7401
13.7133
14.6094
14.2795
13.1172
14.2039
14.0592
13.3838
12.7673
14.3027
14.1764
12.2333
10.898
12.9152
14.5726
14.2589
13.9129
14.2319
13.3404
13.131
14.2926
13.7765
13.4816
14.1542
14.124
14.5871
14.6765
13.0037
14.1564
14.4919
10.2643
13.7776
13.916
13.3843
14.5156
14.3272
14.961
14.796
13.6256
14.2233
14.7044
14.5537
13.6891
14.2906
13.3
14.101
14.4649
13.9223
13.9764
14.1778
14.191
14.801
14.9262
13.0726
14.6404
13.8718
13.4555
14.7423
14.7554
13.8907
11.5425
10.2888
14.5705
14.1622
14.2576
14.2189
14.9425
13.685
14.1817
12.4122
13.1152
13.4069
13.9725
13.9116
13.1149
14.8401
13.868
14.2261
14.8508
14.9564
13.867
12.9904
14.6143
13.8408
14.9769
14.5557
14.1184
13.5505
14.6177
14.137
13.3426
13.3847
14.9933
12.7516
14.1727
14.4256
13.4253
14.2334
14.425
14.1819
12.2061
14.5471
14.4826
14.2204
14.2945
14.5721
14.8435
13.3196
14.1524
14.5793
14.9563
14.7114
13.8472
11.8448
12.1002
13.8602
14.3695
14.6437
14.3073
14.5449
13.9337
14.473
14.6728
13.5311
14.8791
14.1547
13.8642
14.6311
14.2735
12.8834
14.0387
14.1362
13.5656
14.6232
14.7442
14.755
14.8677
13.7454
14.8495
13.5067
14.9969
14.2459
14.5172
14.9901
14.2818
13.3378
13.8669
13.5569
14.8544
14.8305
14.7727
14.5038
14.7596
14.3894
14.0166
14.9733
12.8466
12.0637
13.1644
14.2557
14.0496
14.9485
14.9507
14.8199
13.2625
12.9692
14.3662
12.3436
13.1099
13.0518
14.7717
14.5826
14.4926
14.31
14.3671
12.2611
14.1244
12.8633
12.9769
14.5517
14.8931
14.6942
10.4481
14.2872
14.2445
14.0935
14.7414
14.2492
14.9754
11.7769
13.1133
13.7914
14.2072
14.3187
14.0592
12.4028
14.9389
14.7424
14.5318
14.1834
13.9135
13.8331
14.2944
12.1573
14.2144
14.2138
13.5577
13.6649
12.7996
14.0667
14.3773
14.7297
14.2104
13.1182
14.1805
13.7986
13.7051
14.8352
13.1109
14.4771
13.1721
14.8874
12.9232
14.4589
13.0088
14.6989
13.996
14.6809
13.8651
12.9109
14.3725
12.4377
11.9201
14.2208
14.5456
14.9845
12.1653
13.9606
14.8576
12.781
14.7621
14.0609
13.2403
12.914
14.4478
14.3541
14.4642
13.083
13.9051
14.6079
13.2458
14.9233
13.6356
14.7256
12.8199
14.4123
14.5556
11.8937
14.5974
14.1783
13.0164
14.7803
14.3775
14.5339
14.2669
14.2541
14.2908
13.5802
14.4754
13.7285
13.7393
13.7923
13.572
11.8774
13.9383
13.3747
14.2158
12.9215
13.2144
12.7102
14.7992
14.9093
13.9292
13.5631
14.9978
13.9522
14.2404
14.6438
12.9486
14.7688
13.2987
13.4398
14.3846
14.6123
13.4477
14.4828
14.4922
14.03
14.7811
13.9968
12.2864
14.6202
14.5052
12.7012
14.7501
14.7901
12.255
14.4955
14.8503
13.2716
14.7795
13.7828
14.1009
14.0857
13.4482
14.6444
14.676
14.2504
13.4737
13.4748
12.7994
12.977
14.5102
13.0884
12.9479
14.9515
14.5661
14.9833
13.2716
14.7545
13.1042
13.8207
14.9676
12.5272
12.4423
13.5384
14.1819
13.3206
14.5333
14.793
11.8177
12.6708
14.7426
12.7643
14.8489
14.1759
14.3871
14.5191
13.8034
14.7598
14.2466
13.3534
13.4467
14.2813
14.4446
14.9161
13.2361
13.1065
13.4979
14.1173
13.6645
13.6791
14.5623
13.7035
14.3947
13.911
14.9061
14.5084
14.9506
14.9622
13.1863
12.6383
13.4403
14.5391
14.3842
14.3132
13.1313
13.3458
13.798
13.4714
14.8591
13.5914
13.2221
13.0982
14.6941
14.9452
14.9251
12.7591
13.5234
14.4066
13.2246
13.904
13.2359
14.2067
12.996
14.9133
13.6682
14.3645
14.2926
14.9485
14.4286
11.339
13.0078
14.7051
12.6793
14.9412
13.7662
14.8658
11.3629
13.2513
12.0723
14.0756
14.2748
14.775
13.4921
13.1394
14.5674
13.3278
13.1596
14.3334
13.2579
13.3519
12.4799
14.5013
14.3856
14.044
14.261
14.5531
14.122
14.8834
14.4545
14.2805
13.2116
14.8502
13.9916
14.5716
14.4277
14.8646
13.5331
13.425
14.9539
14.9396
14.8056
14.8709
14.4155
13.636
13.1803
14.7163
13.2578
12.4249
11.0373
14.0557
13.0068
13.1087
14.7147
14.4948
12.4631
12.0202
13.8001
14.7367
12.8293
13.8917
13.5171
14.8193
13.6029
14.6496
14.3244
13.9101
14.6552
13.9286
14.8323
14.9334
13.862
14.9497
14.7082
14.2715
13.5794
14.9054
14.9044
13.5376
14.4484
13.9686
14.6174
14.3411
13.162
13.032
14.9906
14.4935
11.2812
14.9668
14.7556
14.4865
14.6255
14.871
12.9728
14.8403
14.0308
12.7184
14.2845
14.4722
14.7546
13.2206
13.9073
13.6424
13.6985
11.4143
14.6388
12.7801
14.9392
14.9565
14.4068
14.8633
13.998
13.3195
13.3104
14.6982
14.4976
13.4076
14.6772
14.7236
14.655
14.8984
14.8106
13.7698
13.0304
13.8983
13.4169
13.5383
14.3153
13.3391
14.5375
14.6851
13.8211
14.8432
14.6473
10.9238
11.7148
13.2677
10.1793
12.7835
14.754
14.5319
14.3309
13.9192
14.1708
13.7011
13.9438
12.4475
14.4265
14.6701
14.62
14.0419
12.8226
14.3449
14.0969
14.3244
14.4225
14.2841
12.7442
12.2798
14.3565
13.8775
12.903
12.5788
14.4448
14.2798
14.8697
14.4008
11.5811
14.7516
13.5437
12.715
14.9401
14.6834
14.4859
14.7315
13.475
14.457
14.0728
12.5406
11.9053
14.9561
14.8316
14.5301
13.4166
14.4674
14.333
12.3746
14.3477
14.9332
13.5338
14.2159
13.5353
14.4492
12.7911
14.7371
13.7322
14.4437
12.5615
14.7889
14.5527
13.0175
14.7003
13.0823
14.809
12.3722
14.2919
13.6403
11.4772
13.1252
12.7939
14.9064
13.5955
14.4051
14.4708
14.8576
14.2695
12.125
12.0293
14.4866
14.6524
13.6847
13.3318
13.7273
13.9164
13.8386
14.049
14.9689
14.2353
14.6038
14.1961
13.804
14.1582
14.1203
13.8567
13.0664
13.7543
14.6782
14.4952
14.9037
14.9245
13.7443
14.2332
14.2095
13.8392
13.3949
13.8009
11.0127
13.2469
14.8828
13.1755
14.4254
11.2989
14.8607
13.7221
13.8849
13.5017
13.6196
12.8021
13.5168
14.3978
13.1569
14.8172
14.9506
14.8282
12.4069
14.6728
14.3044
12.9304
14.4276
13.1712
13.4182
13.9618
13.9308
14.8459
13.9364
13.8488
10.865
13.9178
13.1804
13.2237
14.4128
13.8625
14.0649
14.6977
13.9221
14.1741
14.4381
14.348
14.79
14.5931
14.5804
12.8266
12.7817
13.806
11.4099
14.0748
13.6669
13.3297
14.8922
14.9038
13.9302
14.8816
12.8053
14.5398
14.2759
14.751
14.1922
13.1813
13.6384
14.4231
14.0906
14.8865
14.92
14.216
13.4843
13.9136
14.2469
14.528
14.0415
13.4059
14.175
13.1699
14.9113
14.3852
13.0126
14.7483
12.1749
13.8578
14.6592
13.1814
13.5618
10.3417
13.5979
14.6371
13.0271
14.3166
14.6158
14.1214
11.5462
14.4991
14.7613
13.9847
14.1557
14.2531
14.2545
14.9448
14.5192
12.7705
13.4457
13.938
14.8551
14.9736
12.3383
13.5327
13.3563
13.3032
13.9732
13.189
14.8865
14.1271
13.8396
14.4312
13.9839
14.0478
14.736
11.5267
13.7364
14.5517
14.9106
14.0577
14.808
14.1128
12.896
13.6625
14.2012
14.1767
14.7209
14.2839
11.6847
14.162
14.4512
13.6944
12.122
14.7686
14.648
14.6341
13.5256
13.2734
13.9058
13.7256
14.7907
14.3933
14.2201
14.4501
14.4597
14.5948
14.2341
13.939
13.9221
12.6627
14.8835
14.7608
14.3099
14.6569
13.3155
12.6365
14.7325
12.8935
14.0103
13.9309
14.2138
14.612
12.614
14.6739
12.6863
14.1326
13.8682
14.7042
14.5327
13.8296
14.5743
10.5944
14.5448
13.6041
14.7519
13.7173
14.3613
14.7801
14.2215
14.7811
14.1044
14.6781
14.3892
13.7214
14.0346
14.687
14.2112
13.592
14.8752
13.7334
14.4269
14.2087
14.0006
14.9031
13.0353
14.3153
13.9135
14.1612
12.8644
14.8063
14.4278
13.8017
14.3861
14.8549
14.1837
13.2135
14.7765
14.4446
13.6654
14.6743
14.4753
14.4233
14.0317
13.229
14.2398
13.7184
13.7154
13.1549
14.5675
14.4048
10.195
14.1473
13.5196
13.2115
13.5823
14.4968
12.2154
12.7379
14.1622
14.7262
14.6681
14.8647
14.8127
13.0001
14.9935
11.8863
14.532
12.8842
14.2414
14.5242
14.4658
14.8564
12.9053
14.7381
13.774
13.2869
14.7101
12.0843
13.6325
14.1653
14.5567
14.7476
14.9368
14.776
14.7496
14.8827
12.551
14.7063
13.3996
13.9565
12.4857
14.6565
14.5424
14.0336
13.387
13.7011
10.2172
14.2566
14.8047
14.5996
13.353
13.1477
14.6304
14.0306
14.1476
13.1457
14.9609
13.3219
14.0609
14.8752
14.7741
14.6993
14.9518
12.692
14.6588
14.0346
13.4073
14.0035
14.9701
13.9062
14.4577
13.7887
12.9627
13.7012
13.1357
14.3905
14.943
11.9563
14.9231
14.9239
13.4011
13.3674
14.9762
14.968
14.5162
14.2895
14.3005
14.717
14.1273
13.5925
14.2321
13.5889
13.6841
12.0701
14.2321
13.8759
14.6744
14.3734
14.1671
13.3564
14.2889
13.4678
14.477
14.7602
14.9101
13.2331
14.5797
14.5882
13.7756
14.3258
13.22
12.9235
13.672
13.6662
14.8168
14.3538
14.447
14.6261
13.562
13.4682
14.6813
14.1672
12.4383
14.3152
13.6388
14.303
14.2891
14.6255
13.9162
14.9923
12.6854
13.5824
14.9463
14.2
14.6244
14.3134
13.3308
11.9987
14.9992
14.6364
13.7451
14.3169
14.4225
14.3885
14.1819
13.9735
14.4344
12.9905
14.5149
12.8427
12.9709
12.0249
12.3718
13.8967
11.7125
12.6206
14.5747
13.3605
13.4784
14.1688
13.8894
13.9568
12.6132
12.6956
13.7427
14.7114
14.538
14.6175
14.745
14.6924
13.7659
14.9197
12.9621
13.1684
14.3395
14.7292
14.5509
14.4768
14.9739
14.9748
13.7709
13.2616
14.233
14.038
14.3413
14.5898
13.9332
10.7854
13.3699
13.121
14.4023
14.5546
13.7654
13.7422
14.7148
14.6073
11.0448
13.3571
14.4247
13.6658
14.2318
14.4308
13.6634
12.9248
14.2979
14.6681
12.977
14.2989
13.2677
11.2582
13.6559
13.7549
12.7905
12.9044
13.1545
13.0413
14.3265
14.2272
13.6166
10.0619
13.3762
12.1337
14.5635
13.1343
13.9775
14.8039
14.9948
13.7992
14.8012
14.5967
13.1748
14.9894
13.9819
14.7222
13.9617
12.7227
14.1935
13.4411
13.6949
14.4109
13.9578
14.6698
13.1617
12.4845
14.5309
14.5964
14.9335
14.808
13.9464
13.8826
13.2948
12.6485
13.295
13.8172
14.2676
14.8005
14.1709
13.2014
13.8061
14.1036
14.3991
13.7479
13.2675
13.7284
14.5255
14.158
11.3313
13.7865
14.9674
13.9039
14.6555
14.6783
13.0404
13.0722
14.6432
13.5922
14.7249
13.4725
12.9574
12.8791
13.5799
14.8917
12.8827
14.9515
14.1734
14.8064
13.292
14.7342
10.651
13.5832
13.5962
10.9425
12.7124
14.3182
14.9823
13.6403
13.9527
13.325
14.5533
13.3762
14.483
14.2153
13.5725
14.9666
12.3607
14.701
14.5994
14.9868
14.7212
12.8201
13.0113
14.7981
14.5805
14.6885
14.6321
14.6256
14.6671
14.8858
12.8763
13.8015
14.4157
14.7656
14.517
13.5795
13.6652
14.7954
14.7167
13.2448
14.8534
13.0246
10.7487
14.8533
14.7055
13.7033
14.5424
14.2049
14.4388
13.3379
13.6811
11.9138
13.2074
14.8252
13.7088
14.3345
14.8259
13.4424
14.3892
14.77
14.5715
14.6151
14.1416
14.8838
14.7986
13.7113
13.1593
14.4979
14.8486
13.6636
14.1024
12.9328
13.5819
14.1534
14.5288
10.2226
14.9524
13.1134
14.8431
14.6104
13.6621
14.752
13.6355
13.9897
14.9184
14.0523
14.5125
13.8784
13.8586
12.8988
14.4746
14.6329
14.6938
13.0491
12.7915
14.5167
13.5892
14.7093
14.7455
12.6713
14.9012
13.8779
13.5386
12.6362
14.8186
14.7444
14.8119
14.6645
14.031
14.2092
12.5758
14.1265
12.7843
14.3915
14.7266
14.1322
14.0488
13.4702
13.222
14.8436
14.9702
14.1015
14.2894
13.6206
14.4269
14.0249
14.3914
13.0137
13.9635
14.9856
14.8946
14.1068
14.6044
14.176
14.2434
12.3524
14.0736
11.3413
14.7707
14.1418
13.8518
14.8607
13.6406
14.7935
14.846
14.3
14.8294
13.6745
13.503
14.6408
13.3037
14.8719
14.8849
13.2047
14.9384
14.1992
12.6808
14.9165
14.6561
13.938
14.5861
14.911
12.8904
14.1817
14.9764
12.5509
14.4863
14.0222
13.9163
14.9608
13.5818
13.0773
13.8712
14.6852
14.435
10.6257
14.5322
13.2747
13.8659
14.4479
14.6461
14.6381
12.3235
14.3556
13.476
13.1087
11.8324
13.3715
14.9445
14.1513
14.2477
13.8448
12.3916
14.9248
14.7138
14.7667
13.682
12.7767
12.8322
14.8414
13.201
14.4728
13.6137
14.4814
14.5991
14.4103
13.7272
12.1371
14.9041
14.8061
13.7382
14.7231
14.3392
14.9909
14.6494
14.1127
14.4146
13.9359
12.5008
13.2991
14.5786
14.3714
14.5823
13.9537
13.3737
12.3345
13.5338
14.615
14.1807
14.2792
13.4416
13.8464
14.9825
12.9511
14.4068
13.0941
13.8659
14.8058
12.0573
13.7402
13.7145
14.9509
14.6465
14.6372
14.6084
14.3783
14.0077
14.6862
14.4429
14.4378
13.5622
13.8869
13.9073
14.5328
14.5546
13.5737
14.7203
14.7577
14.3299
14.1646
13.852
12.8903
12.4931
14.5155
14.2668
14.0126
14.8073
14.7842
13.2273
14.4044
14.597
13.6219
14.2951
13.9718
10.4864
14.3814
13.8481
13.4241
13.362
12.4197
13.1256
14.7908
14.5072
14.5146
14.1529
12.8504
12.7465
13.3238
14.4942
14.7854
14.7902
14.6548
14.967
12.4946
14.024
13.2039
14.5535
13.1921
13.8483
10.9167
14.4971
13.7113
14.5559
14.9587
13.2081
13.0858
13.5442
13.6181
13.7565
14.6862
14.4937
14.8469
14.5334
14.8061
14.7941
13.1466
14.6425
14.8641
14.6464
14.0296
14.8307
14.0439
14.5362
14.9055
14.7516
14.3386
14.3816
14.6652
13.934
13.512
14.8576
14.403
13.512
14.4177
14.5774
14.3032
12.4094
12.9779
14.6692
14.4143
14.7756
14.3141
11.8308
12.5282
14.6021
14.2241
14.1724
14.4891
13.5337
14.6436
11.9742
14.5358
14.9289
14.7188
14.3605
14.4662
13.8203
14.3381
14.3918
13.7959
14.0297
14.3215
14.0689
13.8288
14.826
14.9397
14.1369
14.6832
13.6573
13.9486
14.0834
13.9522
12.5167
12.0551
13.1354
13.9942
11.7334
14.1489
14.5153
14.2193
12.6216
12.9813
14.3772
14.812
14.9454
12.6683
14.7477
14.4279
14.7264
14.3797
14.8607
14.8919
14.0778
13.6608
12.5454
13.6194
14.7827
14.5001
13.1946
13.8137
14.4558
13.3353
14.3156
12.6971
12.742
14.7902
13.8838
14.6525
14.4512
14.6435
14.8534
11.9926
14.7467
14.2811
14.7014
12.1968
13.02
12.7161
13.963
13.7735
13.9037
13.2706
14.5409
13.875
14.0983
14.9778
12.3356
14.6661
14.66
14.8458
13.9692
14.6962
13.4779
13.0356
14.9194
14.1861
12.72
14.006
14.9263
14.0473
11.2869
13.9471
12.7405
13.5156
14.4481
14.7831
11.3562
14.2733
13.972
14.8874
13.3755
14.1312
11.6752
13.4437
14.9643
14.8493
13.5903
12.0434
13.0159
14.6778
13.8141
14.7506
14.6927
13.4675
13.3813
14.9924
13.2931
14.9886
14.6006
14.7817
11.8819
13.1379
12.4638
13.2085
14.3392
14.6416
13.2231
12.8602
14.1558
14.9552
13.9836
13.9389
13.7435
14.4033
14.3965
14.7104
13.1075
14.4359
14.3546
14.7134
13.7894
14.3217
13.6874
14.9736
14.8384
13.4066
14.8023
14.6264
14.6787
14.966
13.7571
14.6513
14.807
13.2312
14.9448
14.5851
14.76
14.9958
13.8603
13.1055
14.6748
14.3731
13.647
13.582
14.3344
14.4699
14.3355
14.8653
14.6562
13.9026
13.6297
14.8529
13.9931
13.313
13.7211
14.9768
13.3045
13.3969
14.9415
12.4393
14.1102
13.7972
11.6825
13.9556
13.7892
14.8148
13.9151
14.9873
14.4449
13.742
14.7885
11.3391
14.1986
13.9228
14.2401
12.3453
13.8746
14.1543
13.6912
14.5932
13.9416
14.831
14.0653
13.5739
13.1625
14.7766
11.7722
14.6994
14.5519
13.3958
12.0405
14.8011
14.1958
12.7769
14.3425
14.6815
13.2681
14.4258
13.4971
14.4583
12.6083
12.2051
14.986
14.6953
14.6933
14.0112
14.1054
14.554
14.9327
14.1729
13.7386
13.302
13.8437
14.5237
13.7323
14.5612
14.7681
14.0516
14.089
14.4003
14.7873
13.5945
14.7995
14.4279
12.5776
14.9845
12.7332
14.8377
13.8319
14.6584
11.6925
14.5222
13.1066
14.5544
14.8738
14.87
13.8406
13.7943
14.1103
13.5756
14.228
13.6297
14.1749
14.6712
14.6188
12.2001
13.5731
13.7574
14.3211
14.3619
14.407
14.1817
13.6753
12.4692
14.2835
14.98
12.9269
14.2709
13.3592
12.941
14.0513
14.9964
12.9208
13.7782
14.4073
12.3863
14.561
14.1559
14.3
13.9145
14.4097
14.4353
13.6635
13.583
14.194
14.5253
13.1693
14.8722
13.7932
14.5714
14.6796
14.1549
13.876
13.2339
14.3299
14.4875
13.1835
14.4713
14.0231
13.6435
14.1798
14.4655
14.9659
14.6441
13.9529
14.0203
13.3561
14.6393
14.4294
11.4005
14.3046
13.375
14.2606
14.5335
14.3977
14.8278
14.1047
13.3258
14.4404
14.8043
13.0026
14.6647
14.7396
13.8923
14.1199
13.9475
14.7418
14.4586
13.2168
14.479
13.2673
14.3574
13.2029
12.8329
11.5078
14.0045
14.2737
14.6809
14.1031
11.5816
13.5121
14.8697
14.8279
10.9958
11.885
13.9334
14.9347
14.8002
14.1618
14.9447
13.1683
14.7596
12.7385
14.9349
13.0941
14.3162
14.7222
14.0698
12.3201
14.3627
13.2702
14.2906
14.1042
14.0883
14.8706
12.8321
14.162
14.8804
14.5697
14.7556
12.4991
14.3091
13.9972
14.9058
13.6453
13.4694
11.4531
14.517
12.2816
13.9137
14.9476
13.2862
14.5396
12.8044
14.5001
14.2211
14.7796
12.4549
11.8265
14.8768
14.5092
14.8982
13.3126
13.3374
13.8942
13.8697
14.8908
12.36
14.5157
14.0415
14.668
13.6723
14.8735
14.7895
14.6868
14.1955
14.2533
12.0859
14.7582
13.7709
14.7687
14.0638
14.7132
14.2637
13.8084
13.9745
14.7253
13.6298
14.0634
14.5759
14.3742
14.8549
14.3929
14.9817
14.3948
14.0012
14.6766
14.5541
14.5145
13.9911
14.8781
13.9983
14.4794
13.3487
13.9659
14.208
14.915
14.8554
13.8203
14.6922
13.8711
13.8841
14.5472
14.596
14.5606
10.4996
13.5736
13.4577
13.6095
14.4776
14.8094
14.3207
14.1655
14.4951
14.6654
14.2252
14.5192
14.489
12.9705
14.497
12.9717
14.8877
13.2024
11.2055
14.5126
12.9971
14.5321
14.3844
13.1112
14.1417
14.5088
14.8044
14.9737
14.4341
14.8855
14.5432
14.9054
13.3235
14.1763
14.5494
13.0192
13.8996
14.9351
14.6191
12.86
14.3996
13.3493
11.9024
13.6852
14.9985
14.073
12.5159
14.7377
13.5079
13.317
12.6413
14.7379
13.2106
13.6908
12.7242
13.8975
13.1133
14.4997
14.6455
13.5822
14.0958
13.9589
13.776
14.7208
12.765
14.5209
14.9622
14.9355
14.7921
14.553
12.7838
14.5643
14.8524
14.6194
14.0324
13.3598
14.6959
14.5446
13.9619
13.9462
14.5933
14.9013
14.2679
13.3218
13.1259
12.846
14.2266
14.6783
14.0764
13.4498
12.5376
14.7914
14.645
13.0287
14.6337
13.9718
14.593
13.3347
14.388
14.0516
14.4655
12.979
14.7561
13.8967
12.0913
13.7557
14.7432
14.0843
13.0137
11.4993
14.416
13.2263
14.3427
13.891
14.4024
14.5146
14.0851
13.4675
14.6207
14.6979
13.0281
13.4336
13.5917
14.8322
14.8528
13.7616
12.5275
14.7432
11.7192
13.4403
12.6477
13.3597
14.0833
13.1606
14.6258
13.5315
14.8447
14.1971
14.1312
14.7661
13.6516
13.3987
13.4994
14.6337
14.2178
14.755
13.6273
14.9443
14.4967
14.2776
13.5227
14.4277
14.2639
14.4925
14.4097
14.906
13.9677
14.3291
14.7035
14.8582
13.5517
13.781
13.5803
13.5455
14.3157
13.642
12.6431
14.472
14.1995
14.8457
13.5263
14.4219
14.7544
14.3576
14.4158
13.6062
13.269
14.6216
14.6767
14.0555
14.3611
14.4815
14.7044
14.5627
14.3943
14.963
14.933
12.5312
14.367
14.9219
14.9319
14.3408
14.9395
13.9304
14.861
14.1283
13.7227
14.362
14.571
14.4477
13.6997
14.0282
11.5085
14.9862
12.3021
13.0845
13.1303
12.1416
11.8586
14.4808
13.4038
14.3574
14.166
13.2388
14.3998
14.0995
14.2334
14.7387
14.5013
14.1779
14.0023
12.8708
13.8939
14.6803
14.4649
14.2092
14.9775
13.916
14.2676
14.9811
12.4202
13.9178
14.4343
14.5165
14.7902
13.2003
14.4246
14.3741
10.7267
10.4452
14.7565
13.7149
13.8702
11.0129
13.7
14.2144
13.7039
13.3336
13.4451
13.7458
14.2525
14.5037
14.0382
14.4126
13.4001
13.9804
14.3241
14.9957
13.5554
13.006
12.5968
14.8768
14.8125
14.0846
14.9707
12.3035
14.9971
14.3415
11.7896
14.5104
14.9272
14.7336
12.5402
13.8322
14.6014
14.4359
14.2832
14.2315
14.5466
14.9205
14.5953
14.4986
13.6576
14.1924
12.7666
14.4066
14.1662
13.0717
14.7968
13.4435
14.2632
14.8474
13.4959
13.5208
13.7394
13.1465
14.2151
14.7392
12.2714
12.3839
14.2477
12.7195
14.9609
14.4978
12.8432
14.9674
14.4525
13.0246
13.3912
14.3668
14.7968
14.6452
13.9613
13.436
13.6646
13.5722
11.0131
14.1276
14.7684
14.8341
14.9648
13.7908
14.5464
13.7271
14.8273
14.9856
14.553
12.7076
13.8106
14.394
14.5863
12.9071
14.7228
14.9918
14.7303
14.2455
11.7991
13.7237
14.4092
14.6002
14.4907
14.8716
12.8792
13.0776
13.5674
13.7377
13.1452
13.0608
14.3305
14.8067
13.1645
13.3444
14.0835
14.9236
14.3281
14.9152
14.7488
13.5284
14.1434
14.7701
14.0735
14.8279
14.6155
14.8296
14.3815
14.432
14.3401
13.9537
14.9132
11.1107
13.5264
14.1685
14.4796
14.0506
14.8521
13.9633
14.7041
14.7432
13.4288
12.8792
12.926
14.6678
13.7161
13.4155
11.9766
14.3361
14.0451
13.4772
13.9485
14.5218
14.114
14.0718
12.5601
12.8656
14.4961
13.5307
14.0193
14.1655
14.3072
13.8972
14.7987
13.2863
14.8573
13.208
13.0193
14.393
13.8886
14.6995
12.2287
14.962
10.1332
13.4216
14.7094
14.9407
13.9303
14.5176
13.9863
13.5865
13.1228
14.8644
14.3003
13.2007
13.9452
13.8789
12.9775
14.9411
12.4292
14.721
14.8873
13.9841
14.6345
14.0394
12.043
13.4508
14.526
13.2714
13.8961
14.5559
13.1526
14.0025
13.6982
14.9201
13.674
11.6642
12.0308
14.3414
13.4876
14.3679
14.0897
14.8783
14.8228
13.8828
13.8831
14.3918
14.9876
14.1414
13.3687
14.9923
14.3157
14.5527
14.107
13.6359
12.6017
14.022
14.3115
14.8241
13.6862
12.5175
12.8711
13.5998
14.8339
14.1787
12.769
14.6794
14.3117
14.0394
14.6017
13.7897
14.7287
14.3219
14.9081
14.2497
13.2057
13.8318
13.8037
14.6475
12.6108
13.929
12.8462
14.9202
14.6458
13.9672
14.1588
14.7754
13.9634
12.5906
13.3612
14.7454
14.3108
14.6448
12.7224
14.6034
13.1225
13.5261
14.9286
13.0467
14.627
13.3103
14.9528
14.6927
14.7641
13.5471
13.4324
13.083
12.8885
14.8304
13.8202
11.9086
14.2723
13.414
14.1568
14.1197
14.1932
14.3078
12.9145
13.7033
14.5143
14.8153
14.6201
14.4388
14.489
13.8449
13.3276
14.3365
13.7049
12.9659
14.2263
14.8833
14.6875
14.9924
13.2195
14.8673
14.9485
14.8612
13.0341
14.7163
13.0514
13.8549
13.8353
13.0859
13.3681
13.5987
14.012
14.4107
13.6255
14.6412
14.3304
12.9244
14.5989
14.0945
14.8741
14.0187
14.1344
14.8275
13.6398
12.6316
14.9146
13.9668
14.9086
14.5868
14.1004
14.3543
14.2841
14.4118
14.3404
14.2334
13.6102
14.6281
13.5676
12.8842
13.9131
12.7131
14.9189
14.4993
14.6945
14.8933
14.7556
13.7033
14.6714
14.6802
11.5617
14.6739
14.1391
14.523
14.5776
14.6041
14.3085
14.7457
14.7519
14.9938
12.8947
14.1938
14.1168
14.0787
10.8216
13.6345
13.4249
14.4969
14.4126
14.3106
14.8683
13.8855
14.8726
13.0693
14.2463
14.5338
13.9852
13.8254
13.794
14.7515
12.8069
13.4944
13.7521
14.9738
14.5103
14.514
14.0655
14.0292
14.9392
13.2
14.7761
14.9458
14.1713
14.9303
13.5676
14.8547
12.5661
14.7276
11.0874
14.8701
14.2939
14.6327
14.9131
14.6447
14.389
14.6775
14.221
13.5399
13.4805
13.7517
13.8352
14.1808
13.9294
13.9804
14.197
13.1802
14.8711
13.7109
13.6334
14.9141
13.1076
14.8322
14.9097
14.3797
11.5483
12.6895
14.2368
14.9952
14.2812
13.4478
13.9547
12.7714
14.4797
14.1627
13.2896
14.3964
12.6037
13.8842
13.7721
14.9925
13.0467
14.6433
14.9336
12.9062
14.8726
14.1546
14.6901
14.2551
14.6057
13.4382
14.0459
12.3646
14.3754
13.2916
13.2842
14.1968
13.9918
14.2044
14.4272
14.7427
11.925
14.4195
14.5375
11.2106
14.101
12.5568
14.1499
12.3596
13.8501
13.2686
14.7198
11.0549
14.7502
14.6499
12.788
12.0721
14.6817
11.6921
14.073
13.9783
14.1077
14.9498
12.7515
14.8593
14.5665
13.5629
14.6992
13.392
12.67
13.8638
14.717
14.2466
14.2146
13.9966
14.6752
12.5715
14.2087
14.737
14.4665
13.245
13.9206
13.9934
13.4737
14.9692
14.0221
14.0433
11.2937
14.0337
14.943
10.7603
13.8328
14.5481
13.1612
14.5247
13.0533
13.2986
14.6318
13.0951
13.1275
13.7203
14.5263
12.6707
14.0638
14.5017
13.2573
13.8239
13.1167
14.9913
13.6455
14.6622
14.9913
14.7342
13.3649
13.4951
14.809
14.9076
14.6259
13.1775
14.0613
13.517
14.4671
14.0096
13.7768
14.3627
14.6152
12.0238
14.6067
13.1406
14.7879
14.2107
14.9421
13.3689
14.8332
12.2134
14.7239
14.969
14.7494
12.8018
13.6825
14.7826
13.7666
13.1074
12.4802
13.2235
14.8293
14.4118
13.9878
14.0066
12.9923
14.3148
13.6411
14.6892
13.6544
13.9604
13.649
14.1334
14.0684
13.7978
12.4434
13.4989
13.3235
14.8055
12.6103
11.2835
14.7178
14.496
14.5081
14.8028
14.0301
14.9464
12.8656
14.2937
14.3305
14.6165
13.5571
12.7759
14.0332
12.7017
11.1404
13.3627
11.2491
12.824
13.7091
11.9249
14.8265
14.9094
14.0705
14.5226
13.8162
13.0252
14.8621
13.9819
13.0212
14.1373
13.5012
13.154
14.299
14.5142
14.3265
14.4275
14.388
14.6043
14.7594
13.9274
13.2053
13.8718
14.0289
14.5546
13.7889
13.0255
13.156
13.2448
14.7676
14.9611
11.3715
14.8648
13.6992
10.2275
14.4202
14.5945
12.807
14.9216
13.1789
13.7058
14.7163
11.7405
13.0961
13.1287
13.7945
14.7833
14.9442
13.5857
12.2746
13.9552
14.6024
13.0119
13.0646
13.5289
14.7276
14.4479
14.45
14.2682
13.4034
13.5011
13.2132
14.4656
14.9359
14.8178
14.5424
14.7973
13.1438
13.5607
14.9286
14.4782
14.9299
14.8819
13.7409
13.7261
14.8318
14.8077
14.0993
14.206
13.0854
14.0358
14.558
14.2528
14.0779
14.7613
13.7633
13.537
13.5708
14.7687
14.1583
13.2837
14.9697
14.1709
14.8394
11.3998
14.8242
14.7809
13.8046
14.2214
14.6137
14.8403
14.3118
13.4797
14.8838
13.7659
13.2267
14.0609
13.6688
13.0168
14.7445
14.5201
13.5114
13.3706
12.3107
14.7409
12.815
14.7587
13.8054
12.258
14.7987
14.5905
14.5808
13.9513
14.5702
13.1727
14.3868
14.2481
13.0341
14.2011
14.7902
14.7644
13.4435
14.583
14.4021
13.9067
14.8732
14.6692
14.8768
13.2746
14.5186
12.172
13.7627
13.6897
14.629
13.0828
14.7894
12.8505
14.643
14.3874
14.8674
13.7141
12.5616
11.5143
14.7178
14.0281
13.4074
13.5005
13.5332
13.0253
13.9522
14.3675
14.1152
14.7806
11.9858
13.1541
14.9221
11.0029
14.3479
14.8531
14.9968
14.3337
14.5938
13.9872
13.7257
12.3906
11.8981
11.033
12.796
14.047
14.8619
14.0132
14.7924
14.8786
13.389
14.9132
14.007
13.9302
14.9883
12.8633
14.6122
14.1147
13.6752
13.6396
14.9332
14.6786
14.8114
13.7419
14.2811
14.4243
14.6769
13.8248
12.6972
13.3096
14.642
14.2468
14.173
14.3394
14.465
13.9064
13.0853
14.8438
13.2103
14.3231
14.9386
14.1677
14.9915
14.772
14.4301
12.1284
14.7669
14.9387
14.6646
14.7991
13.428
13.8776
14.2238
13.6734
13.9801
13.1371
13.258
14.6661
12.1665
13.1368
13.7296
14.7507
14.3394
12.7831
12.9482
13.6307
14.9516
14.8872
14.2224
14.2727
13.2956
13.0352
14.176
13.3219
14.7922
14.0053
14.744
14.3384
14.2559
13.5191
13.2599
14.8232
14.8354
14.0164
14.4353
14.3682
13.5118
14.4095
13.521
14.0037
14.8242
14.919
13.7206
14.407
13.8042
14.9857
14.3231
12.8607
13.2001
12.8961
11.1623
13.9165
12.9967
13.8011
13.3573
13.7581
14.737
14.6096
14.055
12.4801
13.639
14.2786
14.7078
14.1147
14.6013
14.4893
14.9158
14.0211
13.1271
14.5523
13.8998
13.8254
14.1714
14.0753
14.6198
13.2623
13.4906
13.3901
13.9487
12.2436
12.9331
14.7156
14.1947
14.6178
14.9646
14.8295
13.5055
14.3409
14.9
14.867
14.7952
13.9558
14.8085
13.9099
13.5109
14.9711
14.5564
12.5404
14.9191
13.0298
14.9528
14.0868
13.836
14.2911
14.9234
13.6346
14.752
12.5805
14.9757
12.4037
14.4927
13.7965
12.9079
13.1752
14.206
14.6894
14.564
14.9644
14.6666
14.8409
14.6219
13.8417
13.3035
12.7981
14.3875
14.8447
13.0874
13.9699
14.5654
14.0609
14.0628
13.5907
13.9029
14.528
14.1588
13.6956
14.2857
14.2516
10.4048
13.9077
14.3454
13.3442
14.544
13.4384
14.1882
13.8873
14.5358
13.5615
14.6267
12.7169
14.1072
13.2987
14.0857
14.2555
11.151
13.5323
13.74
14.9293
14.1204
13.3949
12.2305
14.8343
14.9477
14.8239
14.1888
14.4189
13.8112
13.7656
13.3121
11.6824
12.731
13.5878
14.9584
13.8397
14.0924
14.9137
14.5884
13.8994
14.1289
14.7893
14.0255
14.5645
14.2655
14.4367
13.9734
14.5168
14.4094
14.0557
14.7382
14.1529
13.5835
14.0104
10.8855
13.3375
13.0442
13.0615
14.1702
13.2794
14.0793
12.6963
14.9294
13.9748
14.1266
14.9106
14.4556
14.5017
13.4167
12.8664
14.8304
13.7914
14.6354
13.5079
12.7665
14.1418
13.409
12.1768
14.4388
12.8824
14.365
12.5624
13.4442
12.6466
12.5424
13.9559
13.3443
14.7379
14.7752
12.1309
14.9019
13.2748
14.164
14.8772
14.9244
12.6525
13.2669
12.8856
14.9447
14.0233
14.7711
13.2756
13.0331
14.1221
14.2486
12.0928
13.6881
13.8746
13.9649
14.3921
13.5655
13.3985
14.741
14.888
13.7095
12.985
13.3236
14.1088
14.4924
14.056
13.6689
14.8693
14.0535
13.7063
14.3556
14.3157
13.5889
11.9114
12.5529
14.7023
14.8877
14.9457
14.4744
14.3781
10.1734
13.9113
13.694
12.9195
14.6574
12.8353
14.4796
14.9329
13.9638
12.3375
14.6249
12.7959
13.6442
12.5251
13.5745
13.6778
12.5416
14.1114
14.157
13.6986
14.1211
14.8649
13.622
13.7244
14.0809
13.3456
13.2396
14.3206
14.1932
14.979
14.8721
13.845
14.8518
14.9423
14.94
13.2107
14.5552
13.5702
12.257
14.3289
14.001
14.1528
14.8285
14.2014
14.8473
12.6348
13.0374
14.4268
14.9476
12.302
13.9587
13.9718
13.6675
14.9765
13.7379
13.5739
11.4616
14.914
14.9657
13.914
14.7483
13.4872
14.9947
14.3312
14.7122
14.4775
13.4711
14.4187
13.0792
14.5789
14.8446
13.3315
14.7932
13.1996
13.5326
14.4812
14.0119
12.9508
13.601
14.9562
14.7231
13.903
12.9674
13.7803
14.8606
14.8498
14.2826
14.7946
10.0401
13.7385
14.2972
14.7547
13.6212
14.8981
13.6857
13.1091
14.8203
14.9482
12.8037
14.9518
13.6214
13.9261
14.4235
12.8248
13.3717
14.0734
11.2299
14.452
14.0346
13.6518
13.0866
12.5764
13.4473
14.7285
14.528
14.3212
14.5623
12.2799
14.5991
14.4286
14.5024
13.3143
14.8749
14.4503
14.2574
13.4688
13.7449
14.7672
13.9813
12.8746
14.6829
14.2422
14.4848
14.7534
14.0804
14.9867
13.7598
14.8642
14.3592
14.9575
14.5505
14.9394
13.992
12.3773
13.9389
14.4551
14.3913
14.2649
13.8204
13.7833
14.762
13.6679
14.3792
14.5125
14.1263
14.9839
14.6065
14.4247
13.7551
13.876
12.9009
14.5224
13.7052
14.1844
13.5909
13.5832
13.9406
14.4875
13.8178
14.0524
14.3045
14.0897
14.6154
14.0533
14.2017
14.9525
12.7621
13.1383
13.0017
14.4325
12.2451
14.8109
14.9312
14.2942
14.2017
13.1767
14.476
13.6718
12.3897
14.0459
14.0333
13.1236
13.9445
10.3097
14.7915
14.8548
14.6767
13.7624
14.4428
11.3936
13.4112
14.2942
14.1253
13.9814
12.2046
13.569
13.7283
13.6987
13.1703
14.7937
14.7659
13.5343
14.2339
13.7817
14.8084
13.9251
14.3227
13.0919
14.1861
12.9128
14.2222
13.8735
14.9939
14.2401
13.108
13.648
14.5432
13.7989
13.4681
14.8281
13.3884
14.1611
14.8483
14.7421
14.1084
12.5266
14.6097
13.1029
13.2022
12.8117
14.7206
13.756
14.6704
14.3398
13.1256
13.8111
14.8107
14.5645
13.2587
12.9769
14.9274
13.842
14.909
14.1045
13.9466
13.1548
14.0021
14.5506
14.8067
14.3499
14.0367
14.0095
13.1977
13.5933
14.0515
14.3417
14.8814
14.9111
14.9887
14.8833
13.5232
14.9851
11.933
14.6027
13.0757
13.5296
14.5443
14.9196
13.5591
14.9008
14.5528
14.3727
12.8451
13.7048
13.6825
14.8716
14.7234
13.6454
14.9784
13.8492
12.5271
14.1198
13.9143
14.4649
14.3508
13.9779
14.2393
14.9143
12.7829
14.113
14.806
13.955
13.0018
14.5281
14.8365
13.6202
12.2128
14.7582
13.9822
14.269
14.4375
12.5282
13.7644
14.438
14.5404
14.9852
14.6431
12.5505
13.9038
13.8358
13.5335
13.8706
13.5259
14.961
13.7184
14.8919
14.6976
14.8772
12.467
14.9725
14.7179
14.117
13.7635
14.822
14.8204
14.3747
14.6599
14.6327
14.6657
14.2044
14.8381
14.1039
14.5186
13.3056
14.5176
14.0964
14.5031
12.3191
14.3468
14.4818
14.1287
14.8717
14.9503
14.6473
13.5491
14.5361
14.1291
14.36
14.8472
13.5511
13.6125
13.4332
12.9048
12.413
14.9788
14.1724
14.5628
13.2851
12.7415
13.0102
14.2311
14.6018
14.9713
13.4253
13.5201
14.9097
12.4367
14.1548
14.6105
14.0428
14.428
13.2144
12.0599
13.1547
14.1536
12.7231
14.3705
14.1634
14.8639
14.6055
14.941
14.243
10.7168
14.5707
14.8355
13.5859
14.2988
14.9338
14.4752
13.4626
13.7673
11.9872
12.5477
13.821
14.1783
14.0878
14.6882
14.0548
12.7586
14.1548
12.6884
13.4223
13.922
14.2852
14.8845
