5	1	
14.6782	1.29675	284.388	0.267314	0.146739	
2.05517	1.10717	684.935	0.0659495	0.148754	
5.18913	2.83788	10674.2	0.0263849	0.918723	
14.1712	0.731412	620.699	0.180576	0.12068	
71.2945	3.09127	1599.59	0.233131	0.358523	
2.78804	3.37513	635.026	0.0804411	0.274903	
0.208311	0.483554	914.993	0.0176771	0.0993952	
0.326349	1.73261	304.881	0.0409871	0.146578	
13.8741	2.81014	1038.39	0.132762	0.280764	
5.05943	0.398191	1018.32	0.0814397	0.0928874	
31.2217	0.56925	801.319	0.228026	0.111696	
9.92159	3.73811	390.681	0.19361	0.279162	
21.6925	0.847121	558.759	0.234433	0.126775	
12.803	1.00602	580.945	0.178234	0.139944	
9.98098	0.546657	1345.05	0.0976095	0.118335	
5.15279	2.061	660.918	0.106252	0.211128	
32.4426	3.79232	2867.43	0.12008	0.513913	
7.98764	0.766636	741.38	0.123191	0.125915	
20.218	2.41822	547.776	0.229272	0.226962	
67.679	3.15991	1802.49	0.214526	0.377824	
13.9081	2.96762	2327.37	0.0872231	0.380506	
42.444	2.94786	357.503	0.392117	0.313745	
25.2737	0.46282	1001.46	0.181411	0.103229	
0.650079	0.800479	742.176	0.0354095	0.125915	
17.1421	0.296325	975.949	0.152417	0.0807514	
10.4107	0.847376	469.361	0.180303	0.121646	
4.33427	3.62586	280.222	0.152133	0.229137	
6.31938	2.83717	1209.41	0.0826362	0.288104	
5.63011	3.70332	2610.92	0.0527058	0.448442	
13.2288	0.998623	1179.78	0.12058	0.158562	
21.4477	2.93133	3243.14	0.0924844	0.466885	
7.95986	1.92384	312.698	0.191976	0.17602	
5.08463	1.92393	283.977	0.161548	0.16462	
2.57808	0.79997	604.75	0.0793284	0.122024	
0.494797	0.620992	868.351	0.028103	0.112697	
23.4564	0.46973	784.039	0.201437	0.0992528	
0.208905	0.263192	1165.2	0.0153667	0.0757039	
10.8169	1.11159	430.038	0.191806	0.136683	
5.97118	0.531897	767.054	0.104579	0.103892	
52.0901	2.92005	1410.97	0.21372	0.327437	
32.6215	0.820532	643.403	0.263319	0.131676	
16.4411	0.651629	1041.73	0.143883	0.123648	
3.0829	0.556518	767.643	0.0753586	0.104902	
6.33193	0.302042	1000.85	0.0919453	0.0804008	
6.71307	3.17257	1910.72	0.0670667	0.357268	
3.83693	1.02497	677.68	0.0905023	0.142799	
2.61098	1.27494	376.082	0.102255	0.141081	
5.20331	0.11164	1410.05	0.0688415	0.0521837	
7.73491	1.13183	490.202	0.152706	0.142434	
12.6387	2.87543	3051.6	0.0731628	0.434291	
0.587535	0.730697	652.973	0.0363235	0.117195	
1.82598	0.83044	520.768	0.0725992	0.120185	
23.9591	2.36303	375.731	0.297684	0.22786	
9.03174	0.235353	1014.96	0.108731	0.0713094	
4.18188	2.96234	1857.23	0.0537538	0.336336	
27.9869	1.19143	519.286	0.274437	0.150684	
7.65602	2.59509	873.505	0.109575	0.25542	
33.3915	1.37169	330.175	0.364844	0.192706	
102.868	3.81499	2121.88	0.242063	0.474076	
33.9368	3.23576	1346.26	0.178181	0.339623	
14.9818	2.90067	1824.06	0.102121	0.338295	
34.2879	3.1879	1145.5	0.195208	0.316922	
16.25	0.811196	465.428	0.224298	0.121767	
4.28805	2.83808	1343.63	0.0643442	0.294547	
45.2614	2.72644	5224.54	0.107094	0.629017	
1.49978	2.25184	239.879	0.0971122	0.159068	
3.91233	3.10789	322.155	0.135196	0.219995	
6.90487	0.974135	508.839	0.141671	0.132436	
31.6246	2.95499	1084.62	0.193467	0.29777	
10.867	2.54083	633.35	0.157049	0.238202	
7.42119	0.359913	1073.91	0.0955046	0.0894788	
0.274229	1.00032	486.98	0.029345	0.128901	
10.5024	0.807647	708.815	0.144652	0.129288	
44.7356	2.91494	2129.64	0.161884	0.375819	
0.0684868	1.7429	981.269	0.00982015	0.596318	
3.87769	2.63327	771.482	0.0843083	0.249466	
5.99311	0.777585	674.78	0.112963	0.123715	
5.34023	1.58214	1401.62	0.0700625	0.212511	
4.41125	2.02369	432.53	0.123807	0.184213	
5.41674	1.91058	281.63	0.167176	0.164221	
0.281344	1.25778	455.997	0.0308465	0.142824	
0.0997849	2.49018	682.212	0.0146452	4.669	
37.3849	1.34024	428.586	0.343028	0.152811	
27.0578	0.207249	1004.57	0.18713	0.0684505	
1.84658	4.49541	2233.12	0.0327573	0.45978	
26.5893	1.13008	494.294	0.274666	0.144726	
9.96852	0.364293	964.753	0.117575	0.0888492	
15.9509	2.5316	732.391	0.174068	0.246725	
4.83085	4.06409	4103.44	0.0396275	0.621899	
2.36614	0.495564	822.452	0.063375	0.0996522	
7.60964	2.49324	4682.18	0.046517	0.521474	
11.6828	2.69844	162.274	0.306617	0.183606	
11.2676	3.39241	3884.25	0.0618437	0.55453	
0.65262	3.66804	236.917	0.0675939	0.201398	
5.79336	2.55834	823.921	0.0988576	0.249522	
10.45	2.89626	1655.09	0.0897278	0.323264	
22.4417	0.609302	734.344	0.204772	0.113193	
45.687	0.85967	706.164	0.292335	0.139441	
30.6952	1.35495	216.073	0.415661	0.156	
20.7208	0.859719	474.016	0.249508	0.123094	
30.4525	1.33369	315.672	0.356765	0.183496	
8.66932	1.57819	347.68	0.190449	0.167116	
36.8627	2.63898	515.028	0.312877	0.226703	
67.8384	0.680397	548.669	0.396306	0.123293	
3.81794	2.78734	803.221	0.081683	0.259767	
56.2026	2.49212	872.842	0.286128	0.261609	
12.7982	0.557981	983.081	0.131554	0.111081	
0.0357301	2.1408	338.537	0.0140511	1.86704	
9.39482	3.89937	1709.21	0.0838486	0.390895	
14.9954	2.72608	834.818	0.1565	0.263914	
4.58473	2.52085	7340.71	0.0293476	0.698871	
33.7384	3.28959	884.317	0.223725	0.301093	
24.011	2.89318	1294.56	0.153667	0.307531	
5.18027	0.765958	578.607	0.114756	0.119251	
1.93104	2.06038	267.746	0.103999	0.15901	
86.2871	2.99335	3348.51	0.180498	0.541625	
2.15614	1.78715	630.292	0.0709847	0.190975	
18.2528	1.49922	839.458	0.171383	0.186056	
14.0743	4.26955	732.15	0.16398	0.330747	
3.35236	1.28835	460.113	0.104813	0.148085	
55.7427	2.95471	2567.22	0.164706	0.427088	
24.9597	2.9382	1049.5	0.175755	0.294637	
17.3002	3.30523	1931.84	0.106609	0.377426	
14.1924	2.70144	945.713	0.141649	0.268828	
5.13907	0.574006	744.727	0.0988212	0.107296	
11.284	1.1314	563.264	0.170525	0.147957	
8.50092	2.97269	2744.09	0.0631132	0.40924	
10.6345	3.65671	330.814	0.216262	0.255255	
10.4213	0.520838	859.1	0.128692	0.10429	
15.0816	0.775709	668.318	0.178414	0.125353	
13.2159	1.14339	830.166	0.148047	0.164822	
33.048	2.48567	612.678	0.271928	0.235069	
19.6032	0.992875	706.947	0.196178	0.146927	
25.1619	1.84647	433.535	0.285348	0.173071	
25.7165	3.25923	3461.94	0.0982114	0.523762	
0.0633378	0.486065	945.732	0.00948278	0.100081	
8.09689	1.1302	938.029	0.107998	0.160368	
6.97595	3.63035	2766.89	0.0570402	0.460136	
6.25792	3.15115	3628.84	0.0476772	0.500775	
13.5951	1.11631	438.147	0.21216	0.139449	
4.80204	0.12015	1453.75	0.065082	0.0545973	
1.47665	2.57151	320.826	0.084177	0.190165	
8.74077	3.05628	488.952	0.162756	0.243345	
16.9392	1.16536	644.02	0.192787	0.156328	
0.929555	2.27506	985.178	0.0358073	0.237417	
27.01	0.497281	1058.13	0.181617	0.108692	
40.8732	0.616025	491.669	0.334915	0.109402	
29.0831	0.951041	1036.7	0.190431	0.154113	
5.92854	2.91977	3491.72	0.0472373	0.466872	
12.5943	1.69564	327.512	0.234123	0.168338	
1.6842	3.06296	380.176	0.0828503	0.224607	
0.617527	3.02233	983.427	0.0292844	0.279583	
21.549	3.23052	3245.68	0.0926874	0.495943	
42.9332	0.561055	1156.77	0.216099	0.12162	
9.72389	0.673971	1193.5	0.102891	0.127587	
12.1117	1.67306	434.53	0.201672	0.170475	
3.7976	1.4741	419.719	0.116642	0.156241	
17.4528	0.604446	867.303	0.164703	0.113981	
24.4339	0.80269	581.254	0.242843	0.127104	
17.6564	2.62097	557.501	0.212988	0.237477	
0.738613	0.504998	763.801	0.0370753	0.0990469	
8.32388	2.47534	333.886	0.190774	0.207284	
29.6985	3.3669	1274.56	0.171934	0.339361	
18.987	0.72892	614.546	0.209041	0.119182	
3.25196	3.22572	420.436	0.108639	0.246063	
44.4209	2.57519	3908.29	0.121498	0.510456	
0.982079	3.01444	3718.81	0.0188169	0.48259	
12.5949	2.65093	3306.52	0.0703916	0.436341	
26.3415	2.96701	3264.83	0.102072	0.476955	
41.5924	2.9436	2684.58	0.139813	0.429551	
19.4079	3.67088	1708.87	0.119973	0.385724	
15.0241	3.51745	1159.27	0.129784	0.328237	
17.6879	0.666029	680.744	0.190764	0.118009	
19.8584	5.04634	3468.23	0.0864852	0.664149	
27.433	2.54026	671.473	0.237029	0.242096	
0.252995	0.389968	906.794	0.0195796	0.0886946	
11.4963	3.56235	1750.76	0.0915145	0.375518	
67.4619	3.796	3526.63	0.156472	0.612199	
18.5182	0.561889	1124.08	0.146097	0.116303	
23.4693	1.15286	591.377	0.236077	0.151257	
32.0004	2.93298	3237.95	0.112784	0.476883	
3.75167	0.57654	738.953	0.0850008	0.106324	
62.6482	0.194328	841.943	0.30646	0.0675038	
7.93057	3.22314	2727.02	0.0611716	0.426842	
20.3403	1.04387	793.598	0.186848	0.152093	
10.8889	0.567434	823.671	0.134819	0.1085	
1.64154	3.14368	2008.02	0.0324783	0.354961	
18.2488	3.36996	2388.16	0.0985535	0.420024	
6.54472	3.1584	295.889	0.180166	0.222535	
29.0538	3.45458	1058.34	0.188274	0.323153	
15.617	2.12869	95.4784	0.429632	0.173539	
8.65378	2.92846	1792.13	0.0785008	0.33363	
6.69817	3.11518	2016.75	0.0652003	0.360901	
27.4108	2.58895	4899.42	0.086078	0.571604	
7.89849	2.61312	330.527	0.186985	0.21167	
154.874	2.92132	5014.29	0.19923	0.686966	
15.0761	1.7432	286.552	0.270058	0.168195	
11.2007	0.268359	1241.3	0.107938	0.0799723	
0.582383	1.29683	588.751	0.0384636	0.156462	
18.8243	3.04965	3418.44	0.084642	0.491912	
24.6006	1.21466	603.498	0.23876	0.156409	
4.4407	0.567538	661.594	0.0986532	0.103643	
35.3148	2.54434	4182.97	0.105091	0.520885	
7.01155	1.5453	334.686	0.174893	0.15926	
5.20156	3.04748	1055	0.081076	0.290144	
33.0476	2.81021	1112.88	0.194825	0.29167	
34.7727	2.85595	3303.48	0.116431	0.476921	
21.6235	0.135941	1303.35	0.14531	0.0579186	
49.0166	0.598473	450.437	0.377797	0.103463	
2.44176	3.69934	4714.24	0.0264477	0.637402	
2.08164	3.96975	3747.09	0.0272676	0.572643	
63.6441	0.818555	1612.77	0.219802	0.169033	
36.1698	0.701808	466.296	0.325096	0.113485	
9.3511	2.54434	520.559	0.162616	0.226047	
16.6394	1.1886	342.472	0.261543	0.147234	
2.74644	4.03577	1875.56	0.0434731	0.403507	
13.2166	0.34501	977.495	0.134069	0.0867223	
24.1412	2.97649	1546.09	0.140422	0.331278	
7.69636	0.871259	704.847	0.124558	0.132776	
9.31905	1.27769	572.336	0.154048	0.158221	
0.351117	1.35605	533.441	0.0316372	0.156109	
3.73556	1.89242	307.24	0.134171	0.164785	
2.57021	0.628007	781.969	0.0680807	0.112104	
5.80586	3.78105	2048.89	0.0602949	0.406455	
20.2121	1.81544	422.723	0.260672	0.170834	
4.41383	0.98023	477.423	0.117533	0.129833	
7.26557	0.954839	452.159	0.154234	0.126938	
1.74988	2.79523	1220.26	0.0434396	0.281757	
2.41681	2.76861	1083.72	0.0545418	0.273351	
1.31719	2.16035	446.632	0.0672846	0.192593	
13.2786	2.12442	341.558	0.235851	0.193358	
7.24963	3.71472	239.042	0.209053	0.227128	
49.9933	2.82518	2358.52	0.16263	0.39035	
1.86053	1.07663	682.672	0.0628839	0.146338	
13.1429	2.97139	2155.21	0.0881004	0.366989	
14.0811	2.77935	616.861	0.180805	0.25044	
4.57476	2.2439	261.049	0.159798	0.172827	
22.0582	2.69137	4263.51	0.0825116	0.530721	
45.528	3.66248	1631.1	0.186266	0.397451	
5.94548	2.89779	2110.04	0.0600606	0.35126	
18.8944	0.483801	928.115	0.164552	0.103345	
35.9703	2.79208	1195.69	0.195163	0.301654	
12.4032	0.770101	492.463	0.191571	0.117967	
57.7918	3.91819	4883.99	0.124711	0.744752	
3.55065	2.95723	1994.94	0.0478089	0.344471	
1.46214	1.908	490.441	0.0673661	0.185443	
8.31065	1.2637	502.831	0.156108	0.152365	
15.4697	1.10943	337.199	0.254428	0.140889	
54.6959	2.96774	1480.62	0.213491	0.337212	
12.1681	2.98966	365.448	0.219916	0.236574	
33.4726	2.89303	4339.02	0.100612	0.571479	
9.85234	0.81242	538.633	0.163502	0.12249	
5.07427	0.99173	577.828	0.113702	0.136984	
16.4276	2.44995	497.725	0.218309	0.220719	
46.4881	5.25497	2317.74	0.158471	0.569236	
4.95526	1.11632	485.252	0.123414	0.140068	
6.41047	2.83401	5728.65	0.0389089	0.637631	
7.28121	1.65647	327.283	0.179997	0.16417	
4.27098	1.88398	951.76	0.0780068	0.213495	
65.9279	4.8617	2087.2	0.197384	0.532647	
24.7721	2.64936	775.909	0.208051	0.255732	
6.68406	3.03479	2312.87	0.0608262	0.37667	
4.65539	2.61296	4127.86	0.0386878	0.486235	
10.1996	2.89965	2360.79	0.0742624	0.374186	
7.34057	6.18571	2645.96	0.0599365	0.617379	
8.44053	1.88249	634.959	0.138555	0.200236	
33.7061	0.730317	835.135	0.230989	0.129077	
16.9509	2.83447	960.769	0.153101	0.27889	
27.367	3.08645	677.514	0.235611	0.271168	
16.6605	0.973657	496.084	0.219903	0.135127	
17.7192	2.89974	3284.63	0.0836492	0.464585	
12.3484	3.02745	2195.27	0.0846457	0.373373	
6.18603	0.851181	632.812	0.119078	0.128532	
21.916	3.07025	2652.26	0.10255	0.422804	
2.56695	0.816558	1396.04	0.0487107	0.145596	
10.28	0.659798	580.858	0.160233	0.111411	
6.72785	2.88617	576.298	0.131116	0.248665	
5.39855	2.73385	368.406	0.148023	0.219763	
24.6266	0.415038	1246.79	0.158622	0.103041	
16.5682	1.89288	879.179	0.159266	0.215568	
20.0877	0.983823	551.528	0.227592	0.140256	
5.39589	1.35062	832.789	0.0948147	0.172709	
86.7592	3.39144	1910.15	0.23472	0.412868	
13.1101	1.43825	443.865	0.207274	0.159258	
4.0464	0.991188	721.283	0.0895575	0.141771	
13.589	3.35849	330.038	0.242857	0.247922	
23.5897	0.611243	585.906	0.237823	0.107176	
34.4083	0.755765	1481.04	0.170536	0.151442	
0.528783	0.893879	614.087	0.0357343	0.128952	
11.0959	2.80213	3641.56	0.0632191	0.477328	
8.86479	2.70886	7493.44	0.040372	0.743997	
1.142	0.620255	692.391	0.0488702	0.108795	
38.9961	2.88085	3176.25	0.12541	0.471969	
31.8011	2.93126	2999.01	0.11643	0.453198	
32.6971	4.59932	2851.15	0.120929	0.576943	
0.0400795	1.79524	735.565	0.00897017	0.195085	
15.1663	0.503827	949.467	0.145875	0.1054	
16.1994	1.07821	560.052	0.203727	0.146067	
13.7939	2.83916	5925	0.0560701	0.667987	
16.7332	3.86397	2946.87	0.0855209	0.511357	
6.21817	0.809537	559.08	0.127948	0.122247	
8.63382	0.650514	635.075	0.140006	0.112761	
15.3095	2.37647	93.0657	0.431301	0.185531	
2.41075	0.806531	688.441	0.0711624	0.125456	
3.82163	2.81112	1084.78	0.0684556	0.277219	
10.2058	1.26858	387.062	0.196035	0.143347	
7.59471	2.95968	2575.72	0.0614903	0.39271	
6.78313	0.353411	907.358	0.100793	0.0854396	
9.90884	0.659483	624.901	0.151173	0.114008	
16.4198	1.81512	633.913	0.191646	0.198723	
3.54713	1.156	576.848	0.0954973	0.147764	
1.1955	3.51003	968.149	0.0410923	0.305245	
4.22626	0.95155	561.563	0.105695	0.132393	
21.3991	3.38427	4271.49	0.081253	0.603957	
0.223762	0.882307	574.53	0.0241894	0.125841	
6.54458	0.446808	1035.64	0.0916349	0.0992995	
5.1816	2.95007	1683.01	0.0628489	0.324898	
19.0463	1.49618	541.355	0.224118	0.173802	
1.60168	0.479359	1255.91	0.0407695	0.106054	
36.0644	2.35355	392.118	0.351255	0.211922	
2.52077	1.47662	373.491	0.100927	0.152225	
26.4923	1.24675	329.308	0.329367	0.176129	
8.62439	3.53303	1642.78	0.0819721	0.362552	
18.382	6.84404	3289.9	0.0854352	0.765038	
36.2672	2.90006	1886.93	0.155117	0.353929	
36.2854	0.880012	846.897	0.237274	0.142095	
10.5897	0.206101	1292.36	0.10269	0.0704561	
23.4853	3.22214	3394.66	0.0947515	0.511515	
11.7433	1.8597	416.968	0.202723	0.178498	
0.531256	5.52495	1915.54	0.0191984	0.484464	
5.54242	3.33074	1523.93	0.0684091	0.338049	
28.2423	1.85566	293.356	0.355826	0.200764	
13.5836	3.11009	319.562	0.246171	0.235485	
10.1094	1.06625	712.112	0.141537	0.148865	
14.3695	4.22309	1141.29	0.128047	0.364752	
49.175	0.692981	610.152	0.326667	0.123486	
12.9411	1.04003	1005.48	0.130589	0.156866	
26.4425	3.439	2483.73	0.116105	0.439099	
33.7779	2.91715	2417.69	0.132639	0.395964	
43.8954	3.10777	2968.39	0.137091	0.475514	
6.63146	2.90039	822.23	0.105839	0.268861	
62.2642	2.47677	6100.03	0.116709	0.678555	
53.2583	2.88804	2200.68	0.173421	0.382832	
14.4282	1.31725	520.876	0.200245	0.159294	
1.39695	3.27472	1546.7	0.0342198	0.330395	
3.71829	2.88471	2500.1	0.0437325	0.375019	
6.93543	1.10601	597.711	0.130131	0.146893	
27.6117	1.08157	505.619	0.27639	0.142316	
36.7628	4.11676	1064.87	0.210109	0.362327	
18.4555	2.76437	3379.38	0.0842397	0.461006	
0.125124	2.86094	2897.12	0.00763709	0.934595	
1.13743	0.926782	720.772	0.0476409	0.135872	
10.7865	0.832815	538.489	0.170882	0.124296	
2.77184	2.8471	1009.18	0.0608531	0.274065	
21.7093	0.621627	1092.42	0.160448	0.12239	
4.59199	3.46987	364.285	0.138042	0.246527	
10.4694	1.9562	390.357	0.197916	0.192836	
14.908	0.698507	1202.4	0.126523	0.1323	
25.6706	2.19383	316.555	0.330625	0.214844	
5.58209	0.483305	1100.7	0.0817694	0.104569	
0.177552	4.21157	3033.26	0.00899006	12107.3	
5.81713	0.864844	578.946	0.121471	0.127456	
53.6569	2.69543	2742.62	0.156776	0.42089	
35.8572	5.569	4287.11	0.104832	0.827476	
2.78785	1.09934	503.843	0.0912191	0.139016	
22.6042	3.93361	259.91	0.340169	0.277385	
2.77916	0.899243	552.655	0.0866144	0.127574	
5.76302	2.68575	4200.69	0.0426653	0.501848	
47.8751	1.19101	235.271	0.483325	0.170592	
10.9129	3.7513	3023	0.0683824	0.501743	
5.12981	1.34936	585.745	0.113495	0.162583	
2.98129	2.184	325.527	0.11742	0.17911	
69.4936	3.93714	2678.5	0.179879	0.531218	
0.272596	5.40571	343.694	0.0383502	0.284138	
31.1426	2.76552	434.699	0.314377	0.205871	
12.9492	1.01487	912.283	0.138233	0.151984	
18.9198	4.09509	3972.58	0.079172	0.6372	
21.829	0.477426	638.448	0.218807	0.097927	
14.1814	2.88668	1920.34	0.096865	0.343538	
4.0741	1.76337	518.845	0.108432	0.182081	
2.11861	1.47312	322.007	0.0993462	0.142581	
10.86	0.47384	732.226	0.144316	0.0968805	
10.9642	3.10321	1058.87	0.11697	0.297463	
2.16378	2.91669	2266.9	0.0350522	0.358049	
6.3232	2.94375	2199.6	0.0606581	0.361301	
82.2293	0.273713	677.172	0.387452	0.076002	
29.7895	2.86399	1953.73	0.138467	0.353022	
32.5656	0.452409	963.86	0.209432	0.102831	
7.17299	3.09402	998.204	0.0981517	0.290705	
1.01132	1.19749	418.946	0.0606659	0.136255	
12.9425	2.8988	3278.07	0.0716532	0.457312	
9.49088	1.1644	522.925	0.163138	0.147495	
5.64753	2.1481	487.138	0.131589	0.200223	
19.2402	1.29213	942.011	0.164662	0.176242	
1.80988	0.287434	1146.47	0.0455947	0.0797149	
2.92423	0.6831	1297.02	0.0540913	0.129697	
46.4103	1.27292	246.855	0.469221	0.176872	
1.71271	3.68553	435.466	0.078221	0.261832	
4.37538	3.47368	579.511	0.105912	0.274068	
27.7851	0.379086	744.526	0.224989	0.0894708	
3.14991	2.9781	1647.35	0.0496097	0.321723	
2.22346	1.36299	908.302	0.057933	0.17539	
0.153365	0.731412	1072.51	0.0138271	0.127391	
11.3556	3.01966	2475.34	0.0765419	0.393785	
8.01077	6.15611	238.759	0.222274	0.301853	
6.45591	2.71862	3541.95	0.0489385	0.453214	
29.0415	1.82628	719.422	0.23423	0.20397	
11.3223	2.97721	1640.79	0.09382	0.329542	
17.3452	1.0446	531.027	0.216486	0.142497	
10.2565	0.873554	453.16	0.182189	0.122409	
55.1689	3.74342	3302.28	0.146139	0.576749	
11.2089	2.55884	448.411	0.191603	0.215096	
17.5617	0.322536	824.817	0.170091	0.0818582	
1.83161	2.87678	386.195	0.0855163	0.218958	
64.9073	2.4636	4608.81	0.135546	0.566075	
3.40668	2.6992	491.371	0.102362	0.226143	
42.7273	2.30716	379.744	0.383482	0.178469	
66.1337	5.43015	3445.07	0.156716	0.750175	
9.17954	0.157842	1326.64	0.0943186	0.0617259	
11.1789	2.88644	360.031	0.212599	0.229789	
4.5243	2.45464	438.546	0.124644	0.206138	
3.98786	1.37664	731.947	0.088162	0.170337	
1.20426	3.28362	222.839	0.0920039	0.188605	
51.2745	2.79043	2781.45	0.152358	0.432702	
51.988	1.71603	739.692	0.302284	0.205254	
19.7047	0.465641	762.907	0.188223	0.0985076	
14.6958	3.22452	4214.74	0.0678612	0.572681	
22.476	2.8312	1013.81	0.170328	0.284722	
94.0571	0.564763	1013.85	0.333403	0.125323	
0.264413	2.42554	297.57	0.0381629	0.173522	
2.67765	2.87794	720.112	0.0731648	0.258229	
26.2904	1.02493	470.029	0.280031	0.137709	
12.2229	4.08116	1053.61	0.123788	0.348647	
0.123754	2.3094	518.627	0.0194232	0.206782	
9.45416	2.74823	274.814	0.221605	0.204648	
13.8778	3.73241	373.7	0.231903	0.279244	
44.5391	0.620155	994.792	0.238826	0.12099	
1.96029	2.69861	354.092	0.0921178	0.204111	
0.408681	2.92697	1580.43	0.0183802	0.309046	
43.4994	2.91054	2164.03	0.158439	0.377661	
5.66975	3.15217	2129.18	0.0584068	0.37026	
3.2458	2.95759	3573.7	0.034653	0.471534	
0.0487418	0.277526	1116.37	0.00759658	0.0769675	
41.6285	3.25787	5328.93	0.10185	0.701116	
0.0859166	2.79009	393.309	0.0198312	0.207769	
23.6507	0.243384	1085.89	0.167807	0.0749113	
15.3979	2.93356	1248.2	0.1261	0.302506	
47.1428	4.04482	2549.93	0.152363	0.508083	
17.3416	3.63879	1641.75	0.115822	0.376735	
13.8402	0.971428	577.037	0.185838	0.138	
12.2531	3.09809	2813.3	0.0748106	0.430823	
5.94685	2.59167	306.017	0.168982	0.200679	
38.2237	2.58534	572.258	0.301297	0.236499	
20.7322	2.46352	377.884	0.277659	0.244469	
0.20519	2.7069	964.435	0.0171362	0.260249	
2.75675	1.206	431.353	0.0982591	0.139652	
5.64427	1.30117	509.488	0.128308	0.154469	
3.14368	0.391871	941.286	0.0673246	0.0907256	
1.84371	2.0971	670.271	0.0633724	0.211479	
10.7379	0.74924	752.729	0.141208	0.125973	
1.24875	0.883398	531.611	0.0594405	0.124533	
20.9787	4.18467	1317.26	0.142624	0.38127	
2.48376	1.46268	505.757	0.0860466	0.162397	
15.582	2.94709	1966.91	0.100283	0.352026	
16.3646	0.834353	674.334	0.184749	0.131976	
9.44362	3.16923	2165.63	0.0746188	0.378538	
39.2759	2.94548	1725.19	0.168585	0.347224	
20.7274	2.37423	639.043	0.213372	0.232907	
3.72857	0.697781	720.796	0.0860112	0.117225	
9.13889	0.489071	1078.08	0.105646	0.105536	
17.0697	1.26668	359.945	0.258975	0.150979	
31.1358	0.562173	532.347	0.284674	0.103989	
2.44374	3.99338	2861.13	0.0334012	0.486508	
38.5115	2.8488	1338.56	0.189962	0.317162	
16.8217	2.4753	631.682	0.194332	0.236653	
3.5112	0.737871	687.556	0.0858506	0.119802	
3.36001	1.05059	459.757	0.104906	0.132565	
17.4138	2.60379	621.447	0.19941	0.242865	
5.91786	2.82595	2936.61	0.0510779	0.409632	
49.2227	2.94804	2229.61	0.165848	0.388445	
8.74357	2.80356	4334.99	0.0517144	0.530464	
5.92565	1.04968	663.79	0.113435	0.145222	
2.83425	0.788503	596.952	0.0837658	0.120846	
2.06687	0.878721	851.406	0.0580447	0.136068	
5.43207	4.2502	5101.29	0.0379201	0.733226	
28.323	3.59991	2180.76	0.127977	0.426548	
14.7851	2.82457	1033.96	0.137299	0.281771	
7.69719	2.92281	3489.14	0.0537958	0.47014	
1.47166	3.61114	2624.6	0.0270107	0.43428	
51.5833	2.71188	3555.03	0.136665	0.495565	
19.21	2.86301	2358.51	0.101634	0.377496	
14.6822	2.38595	486.792	0.209256	0.215207	
9.38137	1.39138	358.802	0.194949	0.158563	
5.2234	2.95054	2755.6	0.0494485	0.403256	
54.6587	2.90529	1690.28	0.199803	0.34923	
27.6326	4.06681	2345.95	0.122034	0.474914	
2.57146	1.01193	553.466	0.0832857	0.135916	
46.8323	2.98207	2991.46	0.141002	0.469708	
16.8853	3.13301	2522.7	0.0923359	0.412599	
6.301	0.740272	709.009	0.112492	0.12159	
