13.568
14.9986
13.6628
14.224
13.609
14.0612
14.2307
13.3393
14.94
13.6191
14.4818
12.9939
13.7129
13.988
14.6705
13.3895
14.8369
13.6925
12.9873
13.9426
10.0254
12.6232
11.8481
12.5778
14.8793
12.6435
14.4549
13.8724
13.675
13.6654
14.6623
13.9158
14.2743
14.1529
13.0549
14.1861
11.4624
14.1208
12.8473
14.356
14.3441
14.2849
12.0483
13.9782
14.443
14.4032
13.3651
14.5949
14.993
13.7288
14.7617
13.0854
12.9234
14.0266
10.8957
14.6632
14.785
14.4609
14.804
14.8407
12.8956
14.3812
13.2772
13.8738
13.6373
14.4018
11.9636
13.2661
13.4323
11.2155
11.5403
14.6665
14.689
14.7605
13.3252
14.7934
14.0604
11.6677
14.9123
14.7852
14.1119
14.9778
14.7486
14.0932
14.4006
14.6958
14.1941
13.2284
12.6293
14.6895
13.922
11.644
10.2418
14.8042
14.8087
14.9116
14.5608
14.2258
12.505
12.6457
14.3509
13.0674
14.1897
13.2427
11.2439
14.8964
14.5711
14.3151
13.5922
13.6437
14.7833
12.8056
12.9859
14.649
14.6947
12.1161
14.1256
14.8155
14.5395
12.5967
13.894
14.9914
13.2928
14.4961
13.1343
14.3619
13.2573
14.3978
11.1023
11.4702
13.1879
14.1835
14.349
13.5141
12.946
14.5264
13.1412
14.7691
13.8035
14.2373
14.99
13.5679
14.8383
14.5148
13.0455
12.6093
14.5388
14.6251
12.8451
12.5154
14.1232
14.8533
14.4843
13.6554
13.1961
11.5386
14.9989
14.76
13.6771
13.7513
14.0667
14.4945
12.1757
12.5944
14.2413
14.0405
13.7817
11.8905
13.4293
12.513
14.853
13.1888
14.3044
14.5045
14.5757
13.466
12.6796
14.5226
14.7802
13.6783
14.7507
14.7079
14.598
14.0297
13.4683
14.2253
14.2756
14.0058
14.6319
14.2447
14.4537
14.5793
13.153
14.6153
14.736
14.2053
14.4552
13.3637
13.4889
13.6636
13.2899
13.593
14.01
14.5373
14.8522
14.9042
14.7958
14.1297
13.5566
14.9095
13.7289
14.6136
14.7559
14.4104
14.6109
14.5037
14.9058
14.8214
14.7326
14.1494
12.2444
13.0093
14.9595
13.7121
14.8099
13.8875
12.3783
14.2914
13.2057
14.3042
14.005
13.6281
12.6304
14.7983
13.7883
14.3765
12.8891
11.3334
11.4216
13.9315
14.9677
14.624
14.6622
12.1763
14.3686
14.8867
14.9548
13.9703
13.8614
13.8235
13.5191
12.9514
14.1426
12.2709
14.0394
10.6272
12.1739
14.85
14.7551
14.2826
14.682
14.1998
13.613
14.9388
12.8596
14.8631
13.7444
13.565
13.9177
13.9305
14.1541
11.3288
14.722
14.4592
14.4945
12.7502
14.8934
14.6729
12.5261
12.9976
14.8143
14.9425
14.8152
14.743
13.4223
13.2523
14.1399
11.6459
13.5646
14.907
14.3125
13.5691
13.9771
14.8125
14.5903
14.2633
13.9813
14.6091
11.1702
12.2566
14.5099
14.0442
14.6826
14.0239
13.1293
14.0957
13.0502
12.5135
14.7959
14.2431
13.5965
14.5801
13.5085
14.6599
13.3036
14.4505
13.933
13.9486
13.7292
14.7669
14.6764
14.1642
13.7903
14.8937
11.9291
14.7184
14.6063
14.0163
11.2847
12.1215
14.2337
14.0003
14.8707
10.6486
12.9807
13.9516
13.2094
12.9274
14.9908
12.9028
14.872
14.6674
13.396
14.7362
14.8978
14.2698
11.4141
14.0325
14.6094
13.8505
14.9309
14.5569
14.1268
14.7351
14.6166
13.3823
14.861
14.4949
14.9446
13.8593
14.7302
12.9637
11.7393
14.9343
14.6609
13.521
14.0663
14.0487
14.3382
13.7894
14.8676
13.9619
14.0652
13.4168
14.0583
13.3795
14.928
13.9102
12.1666
14.6079
11.8214
10.3983
10.9583
13.5443
14.9628
13.6728
14.9624
14.9709
14.9673
13.5862
14.5582
14.7929
14.1191
13.4805
14.4733
14.4117
12.464
14.4797
14.6495
14.1276
14.4553
14.5308
13.6464
14.552
11.8847
14.113
13.282
13.8618
14.5569
12.0842
10.8355
13.6934
13.3135
13.6687
12.9215
14.8146
14.518
13.9404
14.0934
14.8595
14.6591
13.1859
14.2577
14.1802
13.035
14.3884
14.3218
13.9461
14.7627
13.0333
14.177
11.6539
13.9806
14.8554
14.8185
14.8081
14.275
14.2208
12.9434
14.7963
14.744
14.1136
11.5017
14.6968
14.2822
14.7336
12.1032
12.9185
13.6456
14.9484
14.538
13.8851
13.6256
13.7435
12.9381
13.5991
14.2504
14.8924
14.2585
14.984
14.9718
14.7984
13.7378
13.9514
13.464
14.2149
13.5795
14.9158
14.491
14.2334
14.8947
14.3703
14.9302
14.5691
13.747
14.8165
14.1883
14.3655
14.4232
13.7072
14.2786
14.44
13.2328
14.2344
14.8368
14.2972
13.9632
13.2205
13.139
13.7386
14.8945
13.1767
12.2438
14.6169
13.9662
11.131
12.9308
12.9488
14.4708
14.3546
14.7889
14.5513
14.297
14.6892
13.9157
14.6144
10.1864
14.7531
14.5045
14.1246
14.783
14.1828
14.1782
14.1217
14.1344
14.6788
14.1837
12.1625
14.5681
13.8129
14.4887
12.9415
13.5962
13.7366
13.4089
14.8428
14.1602
13.2611
13.9274
13.4072
11.3578
12.257
12.8043
14.9837
11.6644
13.3538
11.5722
13.888
13.0765
14.4787
13.42
13.7997
14.6317
14.5461
12.2118
13.9914
14.5279
13.6015
12.0089
14.4029
14.4357
13.3228
14.5225
14.6885
13.3459
14.8949
14.6355
14.0741
14.8741
12.3159
14.9981
14.4857
14.7917
14.9906
14.6202
13.7577
14.8386
14.4076
14.7576
14.972
14.4566
13.6262
14.0883
14.6827
13.8795
14.1727
11.4943
14.8907
13.708
13.2832
11.8478
13.9565
12.0253
14.7206
13.6954
13.2323
12.5733
14.5998
12.6002
13.1525
14.3945
13.761
12.7186
14.2059
14.9628
14.4004
13.8002
14.3121
14.1064
13.7335
13.3734
14.4671
14.9843
12.8144
13.6029
13.2106
12.5505
14.8452
12.8092
14.2207
14.8221
14.5359
14.7858
14.1578
14.5651
14.8709
14.7414
13.6564
14.5023
14.1671
14.3446
14.9144
14.2317
14.4202
14.9779
13.3946
13.9837
13.1432
14.0702
13.7097
14.4404
14.2721
13.3434
14.5896
11.6212
14.2668
10.9128
10.7848
14.7792
13.5323
14.8075
13.5216
14.7873
13.2187
11.875
14.9933
12.8404
13.8577
14.1054
14.8706
13.2651
14.829
13.4718
13.449
14.7739
14.9905
14.2552
13.282
14.036
12.9541
14.793
13.993
13.1146
14.2729
14.5599
14.9504
14.4246
14.9335
13.4844
14.7999
14.5116
14.4119
14.9501
11.2203
14.3035
10.7324
13.2304
14.3744
14.3987
14.5435
13.1848
14.8761
13.5466
12.8254
13.7832
12.5166
12.5234
14.8618
14.6945
14.5919
14.8488
14.8786
13.1198
14.3873
14.3138
14.8863
14.2954
14.892
12.7675
13.1722
13.7575
13.912
13.9892
12.0801
10.2318
14.7879
13.8267
11.9475
14.2955
13.3568
14.9522
14.3957
14.1505
11.2448
14.8978
13.1645
14.8009
14.8513
13.3258
13.2994
14.2219
14.3775
14.5842
14.524
12.3665
13.5622
14.7836
14.5361
11.3251
12.3217
14.675
14.3902
13.775
10.4395
13.8638
14.3387
13.0554
13.6532
13.1143
13.1363
11.8881
13.9015
14.9663
14.9825
11.9112
14.6822
14.6976
12.4365
13.914
14.2822
13.1416
14.6888
14.6338
13.2255
14.8752
13.4374
14.4117
14.7594
14.6395
11.8154
14.2625
14.6996
14.1958
11.5701
14.3824
14.6405
13.8699
11.8181
14.8196
14.4826
14.8894
14.65
14.7785
14.3465
14.6144
14.9809
13.8068
13.7117
14.9801
14.8584
13.8095
14.766
14.2856
14.6611
12.5206
13.2561
14.2686
12.0985
14.9628
13.1466
13.7351
14.8586
14.2345
14.3647
14.5297
14.6993
13.3594
13.2148
13.8649
13.9947
14.8874
13.8813
12.909
14.5747
12.0742
14.1877
14.7292
12.0277
14.7108
14.6749
12.7577
14.1931
13.3831
14.1487
14.5965
12.8024
14.7099
14.828
13.8682
13.9241
13.464
14.2382
12.9092
14.061
14.3634
14.0319
11.4985
13.6904
14.2687
14.751
14.663
12.455
12.9323
13.3357
12.8457
14.5285
14.6821
14.9975
11.8949
11.7163
13.57
13.8543
14.9459
14.1025
14.5681
10.3185
10.9833
14.6248
14.3121
14.7521
14.8619
13.0055
14.4476
13.9824
14.0568
13.9255
14.3974
14.8697
11.0472
14.6817
13.8823
14.7235
12.6902
13.3018
12.3463
14.5475
12.2768
12.7002
14.3306
13.5467
14.3475
12.7945
14.7745
14.4382
14.5757
12.2836
13.5867
14.3544
13.4408
14.4695
13.4649
13.0103
14.5987
12.6668
13.3306
10.8929
13.4499
13.2324
14.8491
14.7346
13.8886
14.831
14.1859
10.0586
13.9966
13.4441
13.1126
13.9593
14.5397
13.4188
12.2392
13.3818
13.3492
14.2678
13.091
14.5574
14.6963
14.2665
13.6695
14.113
14.3723
14.6488
14.5792
14.8134
13.786
14.8142
13.8371
14.3936
14.3046
13.9095
12.6733
13.7976
14.9041
14.2088
13.7488
14.3467
14.5642
14.5154
13.5929
12.9264
14.8038
14.8635
14.7037
14.4846
14.7393
10.8266
13.0563
14.621
14.2262
14.9841
14.6067
14.5892
13.9014
14.2282
13.4625
14.3508
13.7269
12.2659
11.431
13.3139
14.2903
11.0102
14.887
14.6502
14.8915
13.7622
13.8375
14.4213
11.7389
13.0351
14.116
13.5322
14.166
14.3751
14.8697
13.8679
13.3862
12.8988
13.5214
13.6097
14.5958
13.4168
13.758
13.5356
14.9033
11.734
14.1685
13.879
13.4748
11.1163
13.6395
12.7993
14.3881
12.9796
12.0688
13.8456
14.8671
13.6006
14.047
13.7126
11.1308
13.9531
13.6832
14.6079
13.3328
14.4677
14.3734
14.7101
12.3236
14.8923
13.187
14.2478
13.7868
14.76
14.4408
14.3102
12.9526
14.4366
14.5451
14.3622
14.9072
13.3502
13.771
14.6817
14.3502
11.6492
13.2837
14.7477
14.9485
13.3898
14.5023
14.7829
14.8265
14.917
14.941
14.5355
14.2663
13.9676
14.2147
14.8009
12.7488
14.9211
14.7922
14.965
13.6047
13.7151
14.3147
13.9078
14.9964
14.0437
14.8586
14.4632
13.9278
12.503
14.6897
14.455
13.8486
14.5719
14.0685
13.7179
14.355
14.7593
14.0622
13.5799
14.8635
12.8073
14.6933
13.1979
14.5108
11.9165
14.9182
14.348
14.6149
13.0823
13.0019
12.6179
14.815
14.3993
14.7496
13.9365
13.6417
14.1571
14.7992
11.7016
12.0349
13.5396
14.3109
14.9769
12.5874
14.6723
14.6747
14.2857
12.132
14.8115
13.4339
14.7624
13.7977
14.6653
12.9603
11.6455
11.1083
14.9993
14.7429
13.3808
14.4184
13.367
14.7918
14.6894
14.5213
13.6473
14.9962
12.1313
13.6913
11.064
14.1367
14.6052
14.751
13.714
14.6998
14.8567
14.8602
12.6437
13.4548
14.7836
12.1329
14.6137
14.9637
12.9037
14.8681
13.8121
13.0056
13.7802
13.6301
14.5419
11.0684
14.5878
13.9106
14.2887
13.9232
14.439
14.3432
14.3794
13.5326
12.8804
10.838
13.8826
14.0331
14.7326
13.4136
14.772
11.0159
14.4816
14.826
14.8001
13.0071
12.1123
14.882
13.1551
13.8584
14.6875
13.3362
13.1397
13.9372
14.1653
14.5135
11.9333
14.9457
14.7279
14.5525
14.7746
13.4843
13.9577
13.1815
14.8715
13.8321
10.4584
14.9393
14.418
13.7595
13.6709
10.5827
14.3904
14.2965
13.4712
14.3342
14.3294
14.9056
14.5867
12.042
12.5516
14.9948
14.5908
14.97
14.5538
14.1135
14.4917
13.8422
14.3743
14.4002
13.9526
14.8558
12.4563
14.1624
14.9675
13.751
11.6799
14.4667
14.0943
14.7265
12.5472
14.3897
10.6692
12.4235
12.8392
13.0674
13.5155
13.4967
14.6901
13.7226
14.1971
14.6941
14.7266
14.514
14.2136
14.6542
14.6219
14.4623
12.5935
14.0402
12.8166
13.0231
12.0636
14.5187
12.8135
14.4854
12.2099
14.6035
12.8276
13.5272
14.5219
13.9026
14.7912
13.012
14.9283
14.5213
14.4612
14.776
13.944
13.8748
14.546
12.9974
14.7671
13.687
12.5599
14.7367
14.7631
14.8931
13.2437
14.5502
14.6723
12.9268
14.6613
14.315
14.4981
11.8643
12.2134
13.5445
14.3908
13.9459
10.9359
14.9839
14.6494
14.6349
14.7926
14.5915
14.7315
10.396
13.1713
12.0801
14.4779
14.2484
11.9659
14.8395
14.7964
13.9548
14.2064
13.059
14.3271
13.9373
12.9865
14.3478
14.164
13.071
13.2581
14.5299
14.8544
14.0718
13.601
13.6096
13.9218
10.9244
12.3766
14.3224
12.8498
12.4373
10.802
13.2604
13.847
14.8317
14.3501
14.3884
13.789
12.9038
12.7137
13.887
12.0373
13.2749
13.8172
14.101
14.4219
14.1368
14.6776
14.7563
10.6804
11.2657
14.7604
14.4193
14.2308
13.8472
14.9427
14.2777
14.4418
14.1734
14.8155
14.4932
14.4742
14.4253
13.8785
14.0347
14.2743
13.8578
12.2617
13.485
13.8664
14.1608
14.9474
12.5568
14.7356
14.3626
13.9191
14.673
13.7361
13.8995
10.6651
10.1964
14.7084
13.6199
14.2045
14.755
14.9897
12.2167
14.3658
11.181
13.9997
14.0345
14.4615
14.5536
13.5653
14.1435
12.2914
14.2945
14.9957
14.9666
12.5941
12.4494
14.441
13.4869
14.9434
14.7504
13.8302
13.7366
13.4027
13.4188
13.6062
14.062
14.9645
12.619
13.3909
14.8276
11.8226
14.2897
14.4135
14.3646
11.2831
14.4066
14.5506
14.5101
14.175
13.9901
14.5734
14.0572
14.1835
14.2882
14.9606
14.8972
12.6835
11.8458
11.4656
14.4895
14.5439
14.6125
13.6742
14.1695
14.1476
14.541
14.6436
14.227
14.8962
14.2082
14.8279
14.4875
13.9208
13.4874
13.3227
13.2902
14.5348
14.4102
14.6408
14.8207
14.7166
12.4476
14.9407
14.2673
14.9956
13.5617
14.9043
14.9899
14.3347
13.7149
14.3579
13.9573
14.8797
14.6938
14.0547
14.9646
14.3288
14.3215
13.928
14.708
11.9503
11.2913
14.6802
14.2756
14.6082
14.9565
14.7352
14.7069
12.8453
13.888
14.153
12.305
12.5591
13.6243
14.0882
13.8976
14.8854
14.5523
14.0654
10.779
12.2583
14.0997
12.382
14.7592
14.6612
14.5673
10.2641
13.9973
14.0299
13.4585
14.6979
14.8734
14.981
10.9707
13.4836
11.6192
14.4004
13.1186
13.4738
12.0254
14.7548
14.0123
13.9844
14.2831
13.9026
12.5512
13.7722
11.0103
14.2104
13.2495
12.9747
12.0876
12.3697
14.2676
14.5108
14.7195
13.3508
13.2342
14.3834
13.892
14.1817
14.7743
13.1342
14.521
12.8012
14.6585
13.4612
13.4781
14.2101
14.3193
14.9036
14.7481
13.5984
13.6294
14.042
12.0648
11.4302
13.1153
13.7196
14.2712
12.0316
13.3654
14.7679
13.956
14.6789
13.7727
12.5767
12.4453
13.2505
13.7557
13.6821
13.8905
13.1445
14.9511
14.1402
14.7661
14.0926
13.6825
13.0881
14.4926
14.4264
10.4857
14.3722
13.8914
13.8404
14.2533
14.6569
13.7553
14.2074
12.9783
14.4391
14.1154
14.9253
12.0837
13.3666
13.3731
13.8449
11.4772
14.4697
14.3263
14.1384
11.3049
13.7761
10.4193
14.2441
14.8514
14.4784
13.9049
14.9965
14.8149
13.9768
14.3779
12.3105
14.6495
12.7799
13.8201
13.7992
14.5466
14.2476
13.5437
14.9027
14.5703
14.4879
13.6206
11.8466
14.6073
14.3544
12.9345
14.2094
14.832
11.4095
14.1609
14.2725
13.0248
14.9332
14.3894
13.7965
13.073
14.322
14.5108
13.9871
12.7047
14.0946
11.971
13.4109
13.4638
12.9194
13.9937
13.6117
14.7668
14.7942
14.9726
13.6529
14.7994
13.6309
14.1502
14.4747
11.7655
12.1488
14.3539
14.2633
13.6714
14.5422
14.7467
12.5209
11.5792
13.9989
12.1915
13.7113
14.3176
14.5697
13.4106
13.8004
14.9353
13.7042
14.1713
13.7286
14.1548
13.1913
14.9662
14.3739
13.0136
13.0624
13.9897
14.4144
13.8944
14.0655
11.9409
13.3094
13.2634
14.1778
14.5163
14.8634
14.2807
12.9897
11.6169
14.2627
14.4899
13.4388
14.9431
13.244
13.2643
14.4519
11.2309
14.8288
14.2681
13.1788
14.0055
14.8217
14.9372
14.8513
12.8938
14.2949
14.4613
12.4438
14.0843
13.6605
14.3252
14.496
14.6636
13.8133
14.4162
13.3316
14.954
14.7698
10.7191
13.8205
14.26
13.3409
14.8677
13.8009
14.5091
10.6203
14.5732
12.3951
12.9832
14.8484
14.6928
13.1194
14.5527
12.933
14.5107
13.98
14.4607
14.0001
13.1304
12.1432
14.3484
14.8304
14.0548
13.9609
13.9352
13.438
14.7966
14.5979
14.894
13.8667
14.9072
14.679
14.6597
14.248
14.86
13.9222
12.9879
14.9136
14.0714
14.8381
14.8429
13.9496
14.1965
13.8266
14.1828
12.8715
13.0436
10.5349
14.548
13.7754
13.233
14.7625
14.5663
13.2608
12.7692
14.6542
14.2407
10.9021
14.2068
13.9452
14.8213
14.4972
14.5353
14.3651
14.0437
14.5242
14.6026
14.4056
14.2117
13.7501
14.9364
14.6781
14.5071
14.6467
14.1739
14.8554
11.1652
14.4679
13.3341
14.5423
14.3845
13.4291
13.7654
14.9932
14.3848
10.2766
14.9907
14.7174
14.2181
14.2051
14.7263
12.7764
14.8419
14.374
11.581
14.6432
14.5134
14.7096
13.9306
13.3523
14.0876
12.4653
10.7935
13.8952
11.6178
14.9642
14.9747
13.4101
14.9612
13.29
14.0102
13.6051
14.6627
14.0416
12.8051
14.6831
14.6216
14.5658
14.7154
14.9414
13.4184
13.4855
13.3695
13.9294
14.3444
14.0979
13.6235
14.5067
14.6091
13.7757
14.5923
14.9643
11.6401
11.5437
14.1421
10.1856
13.3306
14.1221
13.614
13.6849
14.9413
12.4782
14.5293
14.3959
11.9332
14.3527
14.4442
14.7376
13.8152
13.9873
14.4257
13.1188
14.8264
14.0054
14.5949
13.0939
11.5003
13.1412
13.6546
13.3989
12.4987
14.3663
13.9774
14.8777
13.8056
11.0768
14.7681
14.7263
13.0058
14.9153
13.9216
14.1532
14.5737
12.8137
13.6832
12.9941
12.6596
12.2523
14.9909
14.87
14.5649
14.0486
12.9853
14.0665
11.037
13.7021
14.9493
14.4471
14.0599
11.7131
13.9255
14.239
13.7555
14.6032
13.5044
12.31
14.9614
14.5195
12.9118
14.6089
12.4694
14.7767
11.6604
14.4504
13.1698
11.1293
14.105
12.2601
14.9066
12.857
14.511
14.1829
14.8087
14.8441
11.2145
12.8399
14.5988
13.8923
14.3555
14.2474
14.3561
14.3206
14.3547
13.9534
14.9733
14.2107
14.8271
14.2088
13.3741
14.8141
14.4011
13.0276
13.1799
14.7465
14.5457
14.4201
14.8697
14.8739
14.456
14.9451
13.8083
13.7968
14.4767
14.5163
11.0823
13.431
14.968
12.4145
14.4233
10.9474
14.9277
13.3465
11.3723
13.8788
14.058
13.5035
14.3947
14.7538
14.0661
14.8136
14.8718
14.2936
11.6879
13.8316
13.4772
13.8891
14.3391
14.4779
13.7111
14.1229
14.4213
14.8779
13.3412
13.8932
10.0998
13.9684
12.6953
13.3957
14.5499
14.6747
13.7672
14.8444
12.9319
14.007
14.0587
14.5905
14.7917
14.9752
13.7523
12.1669
13.0238
12.868
10.9348
13.7951
13.1019
13.6282
14.8556
14.723
13.9998
14.6145
13.7505
14.3886
14.5892
14.6686
13.8205
13.8228
11.8587
14.8605
14.8155
14.7581
14.9153
12.709
13.7074
13.5886
13.3801
13.4675
13.3998
13.6003
14.5275
13.0528
14.9136
12.5056
13.6968
14.7446
11.664
11.9831
14.5368
14.4557
12.9623
10.4076
14.1505
14.525
13.7612
14.2116
14.3651
14.616
11.2654
12.8227
14.6746
13.6466
14.0917
14.1585
13.7429
14.8575
14.4573
13.3122
14.5561
13.4076
14.9324
14.984
11.7943
12.4706
13.1805
14.3409
13.0444
13.3755
14.6271
13.6941
12.9368
13.2482
13.7684
13.1477
14.1973
11.7057
14.484
12.93
14.9258
12.7633
14.8114
13.8427
12.6752
14.4981
14.6291
14.4151
13.7158
13.904
11.6538
14.6466
14.6506
12.5923
11.8659
14.7935
14.7646
14.3652
14.0015
13.2484
13.7155
12.7478
14.4114
14.0543
14.9555
13.2794
13.9983
13.915
14.1232
13.6212
14.6423
12.6488
14.832
14.0995
12.7284
14.4781
13.0755
13.1343
14.5528
13.1959
14.1319
13.981
12.4724
14.3588
11.6515
14.3281
13.8155
14.2727
14.4118
14.0261
14.5451
14.4701
14.6898
10.1093
14.7331
14.6531
14.7852
13.9511
14.5101
13.9937
13.6224
14.0783
14.678
14.4743
14.4683
12.0073
12.7567
14.868
14.7057
13.5249
14.6699
14.4615
13.5414
13.8263
13.7325
14.8992
13.3564
14.366
13.4583
12.386
10.565
14.5557
14.0773
13.9766
14.2427
14.8088
13.9318
12.5641
14.8169
14.8769
14.5337
13.3582
14.7927
14.6436
13.1965
14.2903
14.401
14.5306
14.3195
12.7134
14.5011
13.281
10.0611
13.368
14.6681
14.662
14.1629
14.7806
11.3868
11.7304
14.5346
14.6374
14.494
14.0303
14.7218
11.8648
14.9981
11.891
14.7024
14.083
11.9123
14.8314
14.451
14.8845
13.3188
14.8416
14.316
14.0313
14.7601
12.4002
14.0066
12.9935
14
14.6572
14.9369
14.4592
14.7615
14.9004
12.7483
14.6597
13.2351
11.932
11.5688
14.7372
14.6622
13.8909
11.2742
13.9352
10.3578
14.3656
14.7641
14.8874
13.7303
14.2545
14.6987
13.3746
12.924
13.1586
14.963
13.8182
13.6246
14.9046
14.9877
14.5555
14.8984
13.773
14.6621
13.5441
14.5613
13.8573
14.3905
14.5625
14.616
13.0257
14.4928
12.7114
13.0633
13.6527
14.7966
11.9375
14.7512
14.9197
13.9836
13.3047
14.9699
14.9096
13.1793
14.5556
13.968
14.2339
14.4199
13.45
13.8429
13.3086
14.174
13.0102
14.8516
13.3222
14.66
14.2352
14.0899
13.7773
14.7838
13.6287
14.6104
14.905
14.9983
14.1577
14.8766
14.4274
14.6483
14.0203
12.6664
12.2616
14.4662
14.5008
14.6793
12.905
14.867
14.7021
13.869
13.4678
14.6132
13.2342
12.474
14.6039
14.376
14.032
13.9088
14.5974
14.0922
14.9899
11.5716
13.1734
14.8733
13.8812
12.9215
12.9408
12.8732
11.1399
14.9993
13.6217
14.5184
14.1834
13.9507
14.6727
14.8187
14.2791
14.5015
12.5782
14.4975
13.0495
13.2484
11.5041
11.4364
14.45
12.4618
11.7292
14.5773
13.8825
12.6683
12.0997
14.5311
13.678
12.9352
12.8375
13.6173
14.2297
13.9504
13.8789
14.7899
14.2007
14.59
14.7648
13.5056
12.6372
14.9097
14.7712
14.3081
14.9194
14.9739
14.954
13.8565
12.639
13.5002
14.2282
14.285
14.9062
13.7163
10.2196
13.0272
13.1629
14.1247
13.6048
12.763
14.7936
14.6556
14.4697
10.5228
13.1123
13.454
14.2833
11.8074
14.2019
13.6255
11.2589
13.3036
14.135
13.4292
14.2377
11.0353
11.1473
14.6573
14.1954
12.3619
12.3893
13.5904
13.0719
14.5281
14.1968
13.3974
10.0039
14.2064
12.7045
14.3941
13.6978
13.372
13.7969
14.9292
13.9756
14.6862
14.5291
13.624
14.9791
12.7893
14.5523
13.9404
12.1807
14.1802
14.5334
14.3107
14.5316
14.4067
14.5884
13.8298
13.2698
14.6157
14.2771
14.7462
14.9337
13.0978
13.7517
14.2046
12.6471
13.9649
14.4869
13.8884
14.5629
14.0048
13.0573
13.5869
13.6015
14.0672
13.8989
13.357
11.6241
13.5169
14.2944
11.0708
14.4047
14.96
13.6205
13.6464
14.6952
13.9036
14.2527
14.1311
13.9918
14.6979
12.644
12.1689
13.6186
13.7499
14.9101
13.3485
14.9442
14.6407
14.6126
14.201
13.607
10.0675
14.1902
12.875
10.4309
11.5608
14.2896
14.9555
14.7312
14.5652
13.9324
14.2298
13.5026
14.1757
12.9841
14.3886
14.9023
12.9271
14.5275
14.4444
14.9826
13.9465
12.7051
13.0059
14.828
14.1112
13.5071
13.4172
14.9211
14.5199
14.6525
13.197
14.0467
13.3141
14.0411
13.5531
14.7202
14.0366
14.3482
14.0336
13.9992
14.2592
11.4889
10.5328
14.8469
14.4962
14.7091
13.8265
14.7001
14.7931
13.843
13.1942
11.5862
13.9603
14.9844
14.2705
14.3762
14.4577
13.7158
14.168
14.5865
14.8545
13.7489
13.6858
14.9105
14.8069
14.6993
13.2402
13.5217
14.8721
13.6827
14.7274
12.5452
14.7098
13.8814
14.5018
10.1508
14.9402
13.6892
14.961
13.8853
13.928
14.7996
12.8356
14.4498
14.7896
14.0073
14.4922
13.3165
13.6548
14.0447
14.3561
13.1544
14.1299
13.1356
13.4253
14.5294
13.9826
14.197
13.9094
12.4178
14.9688
14.0541
12.6523
12.0393
14.5722
14.762
14.4928
14.1883
14.6024
13.5218
12.3422
14.4529
11.8612
14.7758
14.6116
13.4454
13.488
14.7767
12.9137
14.6455
14.9445
14.4076
14.3771
14.2735
14.5369
14.5132
13.9931
12.9614
13.6934
14.944
14.8808
14.4268
14.7737
14.1712
13.5953
12.978
13.7978
10.0722
14.2889
14.214
13.2483
14.6497
13.176
14.8732
14.0068
14.1501
14.9922
14.049
13.7784
14.7002
13.5406
14.6888
14.9039
13.8749
14.9089
13.5399
11.6818
14.4549
13.7352
14.0402
13.4831
14.7838
13.2776
14.0882
14.9805
11.5552
12.9143
14.8739
13.6438
14.9591
12.8762
13.1387
14.1729
14.0893
13.3263
10.3228
14.6758
12.5891
12.8322
14.5461
14.7612
14.861
11.9915
14.8223
14.083
11.9847
14.0928
12.879
14.9459
13.9859
12.8742
12.0241
12.7403
14.796
14.2173
14.7659
14.1575
13.078
12.5007
14.8675
12.4882
14.8299
13.0128
13.8522
14.1777
13.8678
13.8097
13.1393
14.7452
14.2617
14.3007
14.7215
14.1592
14.9829
14.5338
14.7109
14.7684
14.1627
12.1967
13.537
14.9404
13.3126
13.6104
14.4115
13.5669
12.026
14.0172
14.6968
14.326
13.635
11.4467
12.7982
14.9598
11.6778
14.8162
13.0539
12.8037
14.5108
10.6313
14.0114
13.2672
14.9371
13.9545
13.5995
14.5125
14.709
13.2079
13.9495
12.9097
14.5434
14.0758
14.6998
14.5033
14.8415
14.9414
14.2608
14.2868
14.7556
13.9175
14.854
13.438
12.9763
13.2122
14.3372
13.62
13.9547
14.6056
13.9304
12.9473
13.3663
14.2239
14.1248
13.1102
14.7604
10.2259
13.8809
13.501
13.6146
14.0266
12.8047
13.3676
14.9543
14.6001
14.5844
14.3319
12.4712
13.4349
14.3009
13.9309
14.274
14.1641
14.6277
14.6389
13.4681
13.7706
14.1474
14.2054
13.1767
12.1612
10.8645
12.9602
13.2123
14.5626
14.9599
13.5536
11.4869
12.7541
14.0603
13.6255
13.1375
13.8097
14.6814
14.4101
14.7412
14.4321
12.2564
14.7103
14.8862
13.4369
13.5315
14.8955
12.2283
13.5391
14.7572
14.4907
13.9982
14.8013
13.7814
13.1592
13.778
14.8245
14.6069
13.5016
14.473
13.6659
14.1387
11.4861
13.716
14.8374
14.237
14.5591
13.2594
11.6639
12.1538
13.6449
13.4335
14.2731
14.6138
14.3642
14.4246
11.4583
14.2985
14.9711
14.3375
14.4409
13.9053
14.5199
14.5587
14.6489
14.7655
14.4205
14.2245
14.7594
13.8174
14.5629
14.9047
13.2086
14.5868
13.5025
14.2817
14.3778
14.2022
12.653
11.5076
14.1065
14.1026
11.1068
14.0308
13.6072
13.7902
13.4025
13.5887
14.1801
14.4881
14.9594
12.2264
14.668
13.6231
14.5852
14.3374
14.6307
14.9305
14.7566
14.1526
10.9718
14.1591
14.4285
13.5931
13.2729
14.3664
14.4374
13.2461
14.7472
12.4769
13.3024
14.3654
14.618
14.0742
14.4709
14.3041
14.835
11.3452
14.6362
14.4151
13.7691
11.6267
13.8098
11.9192
12.8544
13.8338
13.8111
14.0625
14.5816
13.6426
12.9792
14.9783
11.2752
14.31
13.7898
14.4441
12.7121
14.9145
14.7107
13.0261
14.9344
14.1319
12.1594
13.3986
14.8048
14.1489
10.915
13.6745
13.5403
13.0886
14.0935
14.8301
11.6864
14.4962
13.8385
14.6399
14.2129
14.383
12.478
12.5278
14.8689
14.8327
11.9872
10.4873
13.1301
14.523
13.5769
14.5983
14.853
14.2893
14.7267
14.9933
14.1118
14.9704
13.5185
14.4927
11.1402
12.5273
11.7993
13.2566
13.0709
14.5095
13.5587
12.9343
14.3014
14.9045
13.571
13.3228
14.55
13.9949
14.2028
14.2944
13.1356
14.8877
13.9914
14.7331
13.1024
12.6886
14.4424
14.9719
14.8317
13.9629
13.5453
13.7926
14.1541
14.9674
14.7796
14.3663
14.6637
14.1406
14.9287
14.074
14.7373
14.9883
13.7535
13.0386
14.0294
12.0432
14.2083
14.1944
12.5089
14.5993
13.9426
14.8192
14.2893
14.0468
13.2965
14.5673
13.8483
12.995
14.1776
14.9534
13.0079
14.1419
14.9359
12.3849
14.2689
14.3823
10.8997
13.3825
13.2025
14.9794
14.6587
14.9879
14.76
13.4958
13.739
10.8271
12.385
13.4098
14.5109
11.1068
14.0308
14.0781
14.0608
14.4471
13.9642
14.4651
14.8486
12.383
11.1649
14.9515
10.3223
14.8888
13.0637
13.9586
10.188
14.7138
14.4757
13.0085
13.1363
14.6556
13.6522
14.3631
14.3241
13.2728
12.5389
11.359
14.947
14.2891
14.6974
14.2618
14.2147
14.8017
14.8415
14.6947
14.4977
12.5641
14.5402
14.8266
13.8092
14.4303
14.5218
14.0431
14.7455
14.2666
14.2542
13.8545
14.3157
14.6266
12.5573
14.981
13.6323
14.2347
13.5362
14.6538
12.0922
13.9207
13.8678
14.3862
14.7516
14.6452
11.912
13.7329
14.1338
13.5681
13.874
14.4059
13.6674
14.7104
14.1316
10.9765
14.1457
13.8955
14.3753
14.4227
12.9692
14.7325
14.0549
12.9801
14.3908
14.9835
13.1179
13.8933
12.839
13.5055
13.0949
14.9952
13.0755
14.4046
14.2042
11.3161
13.4399
14.1222
13.8676
14.6281
14.5296
13.6772
14.2781
14.3924
14.2508
13.8532
14.4722
14.7448
13.7565
14.8768
14.5823
11.8308
14.4258
11.5274
14.7058
14.3085
13.9248
13.7668
14.0908
13.6713
14.9018
14.7578
14.9823
14.8772
13.9097
13.2118
13.2089
14.616
13.1214
11.8001
13.5878
11.7394
14.6793
14.5591
14.5154
14.1346
12.512
13.7803
13.7458
14.6593
14.0317
14.9817
13.5632
14.2287
14.6848
14.5587
14.8221
13.3872
13.6382
14.0845
12.9927
12.9097
13.2855
12.2105
11.3191
13.9298
13.4284
13.855
14.2187
11.0577
13.1122
14.8243
14.1447
10.4055
11.3171
13.7206
14.9322
14.5361
14.8872
14.9435
11.5699
14.4666
12.209
14.2145
12.6314
14.1034
13.5336
14.2029
11.2048
14.6133
14.1747
14.6368
14.1434
14.5821
14.4198
12.5685
14.2702
14.2208
13.638
14.628
12.7224
13.2881
14.7646
14.9476
14.7295
13.9
11.6555
13.1772
11.4734
14.2306
14.9262
13.3445
14.8386
13.1727
14.6501
14.1194
14.2627
13.184
10.5086
14.9324
14.1162
14.6826
14.3049
11.3291
13.3932
14.3499
14.7549
13.1517
14.6482
14.8333
14.7052
12.1746
14.7452
14.9448
14.4095
14.2959
14.2954
11.4214
14.7557
13.6333
14.2159
13.4793
14.2289
13.9441
12.9526
14.3888
14.3808
13.501
14.2033
14.4458
14.1847
14.7964
14.3401
14.9672
14.1755
14.5261
13.6456
14.6499
13.1913
12.8652
14.1581
13.8958
14.3487
14.2419
13.7573
13.2054
14.7077
14.9763
14.451
14.3923
12.0987
13.3821
14.8138
14.4992
14.5752
10.4991
13.8366
14.1803
13.3764
14.5338
14.9252
13.6355
14.8991
13.3419
13.9
14.2567
14.4124
14.3985
10.4625
14.0843
14.1367
14.9007
14.0187
10.2822
14.2279
12.9396
12.7033
12.2637
13.0805
13.6469
13.4271
14.498
14.6621
13.2564
14.6354
13.801
14.7463
13.928
14.4405
14.2468
13.276
14.3096
14.9231
14.4638
12.9709
14.8236
13.8214
10.7988
13.1008
14.9988
14.7922
12.5939
13.993
11.2096
14.5973
13.394
14.6489
14.017
14.2605
12.1083
14.6138
13.324
14.4879
14.9657
13.1643
13.43
13.1755
13.8194
14.3322
12.278
14.3266
14.9457
14.9825
14.1021
13.6058
12.6272
14.8686
14.8773
13.353
13.9139
14.7174
14.0575
14.8618
14.5926
14.597
14.816
14.5844
14.445
13.2457
13.1129
14.0006
13.9544
14.6355
14.6798
13.4194
13.2174
14.7702
13.6168
13.0097
14.0078
13.3021
14.456
14.142
12.6676
14.7777
14.2911
12.3248
14.9237
13.8246
10.2465
13.9166
14.1299
13.3166
12.0201
10.4807
13.7288
13.1326
13.7814
14.8186
13.6997
14.3755
14.1879
14.1896
14.5313
14.7557
13.7837
13.997
13.8309
14.8252
14.3796
14.0778
11.7619
14.6163
12.4934
11.0452
11.8821
14.1655
14.1901
12.0191
14.6246
13.1966
14.1424
13.4539
13.8145
14.7682
14.734
14.1511
14.0918
14.7152
12.8864
14.8942
14.1003
14.9991
13.644
14.2996
12.9052
13.7461
13.9472
13.5919
14.5806
14.9968
14.4705
14.8898
14.7039
14.8192
12.9229
13.1704
13.6684
14.1501
13.3967
14.506
12.5449
13.8814
14.3806
14.8287
14.3883
13.075
14.9067
14.6128
14.363
14.7691
13.4874
14.5478
14.672
13.8806
14.5651
14.1418
14.0396
13.6753
14.8736
14.9826
14.9268
12.9288
14.2695
14.836
14.8992
14.0353
14.6648
13.1792
14.8197
14.4651
12.9514
12.6569
14.5671
14.4298
11.7168
13.887
10.6298
14.9324
12.3337
12.2486
10.6206
12.4326
11.7911
14.1864
14.0644
14.0209
13.7215
12.3097
12.7875
14.1097
14.2025
14.7526
14.5207
14.6824
13.1928
10.8695
13.7521
14.9179
14.4068
13.9725
14.9796
14.0302
13.8916
14.9463
12.1678
14.1349
14.8705
13.0365
13.6984
13.7894
14.4732
13.7492
10.4181
10.3965
14.7639
14.2485
13.8574
11.1584
13.8219
14.8416
14.3653
13.5423
14.2534
14.211
13.9201
14.5054
14.7019
13.9141
13.6476
12.966
14.9018
14.8121
13.6966
14.2897
12.6816
14.8155
14.8893
12.9326
14.9684
11.7031
14.9971
13.8023
11.2109
13.1283
14.9179
14.7685
11.9339
12.7534
14.2709
14.4704
13.3759
14.5292
14.1645
14.712
13.6789
14.5906
14.3099
13.8559
10.734
13.342
13.6332
12.1893
13.8287
14.3466
14.6029
14.9641
13.4921
14.7094
13.225
12.9542
14.3011
14.6514
12.1725
10.7958
12.3149
12.0406
14.7241
14.03
13.0884
14.8964
14.4169
13.201
13.6515
14.0662
14.6231
13.384
14.0576
14.6404
14.386
13.9665
11.6503
14.7885
14.8018
14.7681
14.9447
14.7745
14.7189
14.126
14.7604
14.9573
14.6356
11.9904
12.9088
14.0182
14.679
13.0479
14.0369
14.9931
14.2705
14.0168
11.7162
12.9713
14.1429
14.6509
13.4835
14.8089
12.752
13.2466
12.7874
14.7229
13.4997
14.0324
14.3008
14.6043
13.0502
14.3519
13.5317
14.6378
14.3413
14.9101
14.5752
12.5609
12.7365
14.7904
14.3764
14.7397
13.9545
14.7325
14.9119
14.5056
13.7153
14.4153
14.4954
10.0785
14.2844
12.3946
14.562
13.6577
14.7695
14.1257
14.6869
13.8355
13.3645
12.746
13.0224
13.4487
14.7875
14.7419
11.4537
14.8669
14.8551
13.6218
13.0701
14.4574
13.3432
13.9408
13.6019
12.6902
13.868
13.3168
13.6265
14.3313
12.9914
12.3977
14.2205
12.9118
14.8283
14.0528
13.0136
14.4848
13.5589
14.5829
11.906
14.9423
10.0051
13.2767
14.0256
14.8271
14.2931
14.8291
13.4699
14.0842
13.2109
14.7556
14.4218
13.8382
14.606
14.5041
12.2653
14.6774
12.3875
14.1248
14.6169
14.8048
14.2888
14.7539
11.2548
14.0561
13.4817
14.3278
14.4221
14.3831
13.538
14.7601
14.5192
14.9775
12.9139
11.3127
10.615
14.4819
13.7464
12.857
13.1398
14.7339
14.2985
14.2484
13.4803
14.2938
14.9882
14.5437
13.3109
14.9761
13.8615
14.3959
14.5403
14.5266
13.4422
13.9454
14.4867
14.7871
13.9592
12.4723
13.5398
13.7615
14.1582
12.9645
11.4519
13.6778
14.4303
13.182
14.223
13.8833
14.2415
13.3985
14.5574
14.3744
10.9913
11.7932
13.4554
14.5645
12.6694
11.877
11.2573
14.8642
14.4924
13.8553
14.6861
14.4964
13.5661
12.9596
13.9753
14.0722
13.4347
14.5802
12.6849
14.518
13.3934
12.7789
14.2609
14.0896
14.7808
14.7415
14.9403
13.5634
14.8013
13.2946
13.9853
13.9235
12.1152
14.5425
14.5864
11.1776
13.5161
13.6005
13.8543
13.8217
14.1591
14.7742
11.7709
13.4146
14.9608
14.5974
13.596
14.3555
14.4288
13.247
12.9864
14.4313
13.3029
11.6197
14.2721
14.4026
14.6307
14.9939
14.1591
14.8142
14.9476
14.7821
11.8305
14.8023
12.3342
13.9669
14.0549
13.5931
12.635
14.2334
14.6698
13.0032
14.4297
14.5482
12.6446
13.6037
14.482
14.3417
14.4772
13.9244
12.849
14.2587
14.1709
13.2288
14.8131
13.346
14.8019
14.6136
13.5695
14.3796
14.2964
13.5975
14.1801
13.0798
13.9353
13.7885
13.4578
13.1786
13.8897
12.0407
14.9377
13.5989
13.4627
14.9032
14.0612
14.3161
14.5897
14.795
10.7411
14.8803
14.4898
13.5286
14.6442
14.6161
14.5008
14.6492
14.2968
14.9719
12.5259
12.0669
13.3989
12.6097
10.5287
14.2268
14.3152
13.5274
13.4869
13.1148
14.861
14.1196
14.6102
12.9942
13.3355
14.6658
13.1669
13.9763
13.2109
14.3596
12.3061
11.7332
13.9202
14.9592
14.3786
14.6452
14.8042
14.2294
14.883
13.4825
14.6522
14.2116
12.6332
14.7492
13.6061
14.8484
11.6484
14.3098
11.0115
14.9843
12.9578
14.6999
14.7685
14.8175
14.1052
14.8055
14.6869
13.7338
13.665
14.5854
14.1247
14.8608
14.3428
14.4328
14.462
14.0815
14.7526
13.3224
14.2266
14.8894
13.7713
14.633
14.8204
14.6499
10.7661
12.3786
14.1425
14.9755
12.0457
14.1418
13.6819
12.0298
13.4273
13.9863
13.7961
12.9651
12.2148
14.7167
13.3023
14.9851
13.9445
14.5117
14.9659
13.6124
14.8837
14.2643
14.9425
14.7927
14.4021
12.8163
13.3036
10.7125
14.332
13.8331
13.5956
14.1388
14.3035
13.116
13.7438
14.9787
11.9075
14.5273
13.0674
10.1587
13.5811
10.7517
13.4635
11.0051
14.6012
13.9351
14.5804
10.3001
14.7839
13.6578
13.4597
11.7783
14.7197
10.955
13.8812
13.2431
14.0312
14.8363
12.0645
14.5287
14.6618
13.9869
13.3548
13.8211
12.3992
13.2681
14.7593
14.7141
13.6686
12.9471
13.9647
12.6869
13.6237
13.5896
14.3025
12.3268
13.1088
14.7322
13.1997
14.9645
14.1761
13.8066
11.5101
14.8346
14.9447
10.4881
14.1596
14.5004
13.1383
14.0717
12.7648
13.6006
14.8026
12.6619
13.2746
12.9239
14.5687
12.7087
14.0745
13.6886
14.401
13.4942
12.7894
14.9998
14.5127
14.6396
14.9852
14.0887
14.6337
14.1109
14.7559
14.8311
14.7304
12.9021
13.6408
13.4528
14.5958
12.5896
14.2268
14.3264
13.7977
10.9992
14.1217
13.802
14.8684
12.7648
14.7929
13.6597
14.766
11.6058
14.7682
14.978
14.9764
13.2536
14.6695
14.5536
14.7574
12.5898
11.4683
13.9027
14.4342
14.3545
14.6996
11.7877
13.7418
13.0534
13.2351
14.4464
11.8077
14.7822
14.6262
13.4987
14.7156
12.9926
12.3125
13.0958
10.9767
14.8123
12.773
10.9842
13.7865
14.5141
13.5442
14.7268
13.2756
14.9555
13.2912
14.3401
14.4604
14.4962
12.1812
11.2001
14.8143
13.2664
11.6665
14.3537
11.0317
13.6277
14.723
11.6363
14.8509
14.5972
13.9097
13.8089
12.708
13.771
14.8139
14.423
13.8593
14.611
13.6307
13.7962
12.9778
14.0797
13.3771
14.38
14.0656
14.2046
14.4947
13.6166
13.3618
14.6612
13.731
14.5041
13.0399
14.383
14.0845
13.5929
13.5617
14.9741
10.2097
14.887
13.9271
10.103
14.1559
14.3795
13.2412
14.8283
13.4813
14.1739
14.544
11.6043
14.0056
13.9483
13.7923
14.808
14.8669
12.8723
11.3469
14.7742
14.5962
13.0703
12.7063
13.6618
14.1399
14.4255
13.1099
14.47
11.4346
12.532
14.1375
14.0202
14.855
14.4357
14.8042
14.892
13.9036
13.157
14.9102
14.0054
14.9429
14.4723
13.8726
13.7254
14.6437
14.9893
13.5225
14.3036
13.3304
13.8507
14.4109
14.5095
12.7774
14.7957
12.3861
14.5885
12.8887
14.8089
14.31
13.9656
14.9184
13.2112
14.8158
11.2973
13.9201
14.7046
13.7666
14.1834
14.117
14.4631
14.556
14.2202
14.2457
13.4846
12.6121
14.1436
12.2135
11.853
14.8388
14.817
14.1582
12.3934
10.9734
13.574
12.5103
14.7237
13.9993
11.0643
14.3831
14.4149
14.1695
13.6904
14.6491
13.3378
13.5588
13.0303
13.6679
13.6024
14.8067
14.9186
14.7217
13.3594
14.3553
13.627
14.5533
14.6949
14.8842
13.0501
14.5906
10.9162
12.6488
14.5093
14.8208
13.378
14.1645
13.277
14.8513
14.8832
13.8348
14.0416
12.8178
10.607
13.6832
14.9123
14.2049
14.0992
13.9398
13.9474
13.5286
14.2392
13.9398
14.3092
10.5139
12.6731
14.817
10.1617
14.3961
14.4937
14.9904
14.4658
14.0726
14.3853
14.6037
11.7964
11.3497
12.097
13.4678
13.6118
14.8673
13.0444
14.3125
14.8419
12.228
14.7806
13.9057
14.6949
14.9674
12.8433
14.3261
13.9579
14.5492
14.3587
14.9363
13.1152
14.7628
13.574
14.4897
14.8942
13.8759
13.5676
11.5596
14.2272
13.5314
14.8952
14.1697
14.7675
14.4017
13.4814
13.148
14.8588
13.5717
14.502
14.7246
14.3223
14.9854
14.8411
12.7564
12.0867
14.7145
14.9008
14.3408
14.4983
13.2425
14.1818
14.3732
13.4576
12.8216
12.7789
13.4019
14.7184
11.0805
13.5228
13.8921
14.7692
14.7567
11.7454
12.1048
14.1253
14.7773
14.817
13.9848
13.96
14.4127
13.6902
14.8326
13.5673
14.0989
13.8501
14.6713
14.3311
14.0517
13.6152
12.2896
14.8462
14.714
13.9209
14.2698
14.6995
13.0269
13.7295
14.2967
13.8577
14.7677
14.9459
14.5285
13.2738
13.4461
14.9847
13.1118
13.4593
12.5248
12.7823
10.7611
13.6978
13.5722
13.4855
14.5759
14.0596
14.8474
14.7547
11.5812
10.6986
12.961
12.9007
14.7391
14.2397
13.4903
13.8422
14.8771
13.3418
13.9116
14.9805
11.5358
13.274
13.309
13.7979
14.0509
13.8875
14.8036
14.1878
14.0125
10.86
12.9554
14.8923
14.0503
13.9479
14.8084
13.9714
13.1723
14.7789
14.7834
14.8922
14.7691
14.103
14.2951
14.2574
13.9307
14.9635
14.7753
12.1545
14.939
13.4494
14.215
14.6491
13.4915
14.8405
14.8614
14.7935
14.6953
11.3835
14.9165
11.8161
14.7099
14.0982
13.6558
13.6476
13.8374
14.5925
14.6205
14.9702
14.2216
14.7807
14.8735
13.1489
14.5997
14.3245
13.9731
14.6858
13.1977
14.1324
13.744
14.3797
13.7665
14.3548
13.9778
14.6333
13.6999
11.873
13.8062
14.2848
11.1806
13.2139
14.7638
14.0563
14.5719
13.5822
14.3726
12.657
14.8745
14.7513
13.3031
13.264
14.6832
13.3486
13.3239
14.3646
10.7012
13.1296
13.2975
14.797
14.6692
13.3372
11.9764
14.5575
14.9214
14.1306
14.2684
14.881
14.6807
13.731
14.005
10.9182
12.8408
13.7762
14.885
12.9797
13.7748
14.6992
13.4581
12.2876
13.1993
14.3441
13.6866
13.9286
14.3644
14.2995
14.679
14.0818
14.7515
13.7449
14.6415
14.1154
14.7979
13.4869
10.9451
13.2633
13.9946
13.9302
14.2573
14.3149
14.0192
12.5198
14.2646
14.1415
14.313
14.8755
13.9204
12.9934
11.4326
12.3525
14.9163
13.7596
14.9177
14.5753
13.2237
14.5926
12.4855
11.7331
14.7203
11.2759
13.3144
11.6474
14.3361
12.7226
11.5114
13.9152
11.5854
14.5598
14.4215
10.6765
14.7474
14.5595
12.7872
14.8807
14.8983
12.7138
14.1404
12.8145
14.9585
14.8732
14.7625
13.8521
12.5679
13.9715
14.3886
10.8643
12.056
12.4976
12.9011
14.3707
13.7334
12.7026
14.6278
14.885
14.4664
12.3852
13.5193
13.5312
14.2285
13.3751
13.12
14.8868
14.6435
14.0319
13.4916
14.9336
14.7562
12.3113
11.4981
14.0329
14.8477
14.932
13.4068
13.9575
10.0631
13.8702
13.5006
11.8749
14.5834
13.6566
13.2192
14.8451
14.6911
11.9803
14.4896
14.0596
13.344
13.0087
13.9807
14.5676
12.6949
14.7234
13.8414
14.2667
14.262
14.848
14.2153
13.7179
14.7522
12.7343
14.2271
12.8393
12.0685
14.5388
14.6068
14.6989
14.5662
14.9294
14.9362
12.2882
13.083
13.7898
11.6726
13.773
13.7403
14.4358
14.4148
14.6021
14.7926
10.9403
11.6306
14.5044
14.9204
11.4634
12.5142
13.9639
14.1183
14.9556
14.3342
11.2476
12.1228
14.746
14.9645
14.1171
14.0772
14.1557
14.9658
14.8592
14.2754
14.9298
13.4331
13.7811
12.2411
13.9367
14.9414
13.6535
14.7352
14.0011
14.62
14.1051
14.0023
11.15
14.4981
14.7911
14.5761
13.0112
13.3036
13.6301
14.8665
14.8898
14.3027
13.7499
10.0238
14.2252
13.3907
14.6814
14.1317
14.875
14.4982
13.9623
14.7607
14.9303
12.2665
14.848
14.6722
13.7489
12.9983
12.2291
10.8897
14.7816
11.204
14.8343
14.2328
14.427
14.2824
11.4293
13.8975
14.9062
14.1138
14.9371
14.112
11.539
14.7242
14.5215
14.6196
12.1026
14.648
13.0759
14.5406
13.5471
14.7944
14.6151
14.6206
12.4503
14.175
13.5024
14.1606
14.9741
14.6914
14.9941
14.2941
14.8351
14.5399
14.9119
14.4314
14.8661
12.9184
11.1618
14.1224
14.3749
13.954
13.8121
12.7816
13.3187
14.3217
11.5467
13.7593
14.9575
14.4729
14.57
14.6805
14.4941
14.5947
13.9946
11.9346
13.4442
14.2175
13.336
14.2015
13.7977
13.9937
14.9434
13.944
13.7188
14.6258
13.1541
14.2648
13.8547
14.9
14.9473
12.5527
13.947
13.7276
13.555
10.8059
14.5053
14.64
14.6428
14.6233
13.1556
14.1024
12.7618
11.5172
12.4144
14.4561
12.8017
13.9204
10.3496
14.1103
14.6487
14.7408
14.3679
14.6014
11.2
13.0291
13.5991
13.8812
14.17
10.479
14.3618
14.7415
14.4522
13.3567
14.4331
14.9427
13.7822
14.2996
14.6254
14.8603
13.4094
14.1809
12.4628
14.6868
14.3551
14.2503
13.4594
14.9977
14.1841
13.5381
14.4686
13.9374
14.0487
13.8379
14.2606
14.7835
13.5876
14.3867
14.0185
14.7614
12.075
13.7499
13.472
13.9875
12.078
14.1684
14.4804
14.204
14.2602
13.8297
13.5857
14.4392
14.6594
12.8669
12.2636
14.9053
13.7906
14.9982
14.8182
13.1011
12.4208
13.6642
14.7708
14.3737
13.6645
14.1577
14.0248
14.1083
14.6284
13.6527
14.1407
14.845
14.3979
14.9862
14.2078
13.9863
14.9854
11.6027
14.7592
13.8937
14.1545
14.6852
14.8881
13.9144
14.7558
13.5449
13.2665
11.7568
13.8561
13.4343
13.9048
14.9955
13.2325
14.9734
14.6023
11.5416
12.8592
13.3722
14.81
14.5303
13.251
14.8451
14.8776
11.2543
13.8307
14.5033
13.8966
13.5519
14.0364
14.9917
13.825
10.9528
14.8011
14.15
14.5946
14.3161
12.8216
13.5847
13.95
13.8195
14.975
14.9189
11.3666
13.591
13.9578
14.6421
14.5884
11.9906
14.8613
12.6651
14.6791
14.7359
14.7882
11.9099
14.9695
14.0913
14.4992
14.178
14.7805
14.8146
14.4755
13.5515
14.8737
14.4921
14.4272
14.7211
13.6693
13.1578
13.7523
12.8526
13.3558
14.5937
12.6162
14.5049
13.4509
14.0497
14.893
14.942
13.6873
13.9861
13.0715
13.3987
13.842
14.82
14.0922
12.6086
13.5542
13.5578
13.2806
14.9513
14.5339
13.3151
13.902
12.6649
11.4466
13.6843
14.3612
14.9691
13.1892
14.4713
14.2353
10.7074
13.6487
14.8902
13.0967
13.8688
12.7198
12.144
12.5729
12.6029
12.9714
13.7039
14.7498
14.4523
14.7588
14.856
13.8051
10.8311
14.2071
14.7668
12.9995
14.416
14.9151
14.2482
13.7149
14.0809
11.3737
12.4112
14.8631
12.7399
14.2626
13.4689
13.4884
12.7398
13.8102
12.0754
13.9058
13.0559
14.4677
14.9979
