0	0	
1.05739	1.49776	54.6194	0.181329	0.105299	
5.56426	1.75456	305.474	0.163127	0.161632	
10.6622	0.395868	174.673	0.281676	0.0671161	
10.8278	0.561847	1693.19	0.0901507	0.12938	
15.6032	0.0713098	5185.34	0.063224	0.0831095	
59.9633	0.0479287	444.581	0.414098	0.0287135	
0.963402	0.274091	1066.69	0.0346927	0.0762702	
49.8753	0.224413	515.556	0.357582	0.0686308	
41.6302	0.722316	594.752	0.307138	0.123455	
1.73551	0.964629	88.1847	0.163412	0.0826327	
24.6377	0.0724756	337.749	0.315046	0.0358027	
5.2967	0.608827	216.394	0.184485	0.0823794	
18.0416	0.974699	2536.16	0.0950151	0.210506	
3.74537	0.0999727	99.3773	0.21799	0.0276062	
27.9913	0.251209	2558.04	0.117566	0.103592	
7.5509	0.0907909	211.556	0.220497	0.0309639	
50.2155	0.0532823	1496.28	0.203634	0.0397782	
7.47988	0.945749	112.877	0.288309	0.0953338	
22.4253	0.231052	1314.18	0.147276	0.0770139	
9.37916	0.123163	226.732	0.237446	0.0391431	
5.0821	0.0451377	500.023	0.122872	0.0276445	
4.49852	0.630762	144.963	0.203175	0.0750364	
14.4104	0.051336	273.034	0.268806	0.0270476	
41.3439	0.48102	211.151	0.473497	0.0996379	
7.8456	0.153894	1544.82	0.0804894	0.0635782	
1.09141	0.0565829	690.213	0.0478205	0.0319129	
6.16065	0.736854	823.593	0.101899	0.123709	
3.71164	0.150191	1205.68	0.0633856	0.0580137	
20.3295	0.0978588	510.818	0.238124	0.0420584	
42.9693	0.137927	1720.11	0.176178	0.0668246	
1.22707	0.492187	124.398	0.115819	0.0592618	
10.4666	0.11718	1812.95	0.0856346	0.058969	
1.42688	0.693451	122.37	0.126238	0.0710472	
72.0894	0.111495	850.44	0.324697	0.052559	
13.0222	0.120607	2370	0.0835052	0.0654909	
3.40202	0.186916	1451.19	0.0548662	0.0680567	
34.6989	0.0589335	619.748	0.276375	0.0331873	
3.38113	0.105652	187.524	0.157341	0.0315415	
13.7271	0.0965236	423.357	0.21649	0.0400031	
16.111	0.525832	52.5333	0.533212	0.0807818	
8.12371	0.0529363	428.05	0.167096	0.0301067	
0.125054	0.196349	30.2402	0.0587377	0.0187198	
2.99983	0.0320078	1037.36	0.0621052	0.0257741	
2.9969	0.262975	671.224	0.080402	0.0700407	
8.36184	0.484695	546.571	0.149728	0.0931902	
12.7739	0.0904291	116.98	0.359302	0.0299998	
2.78084	0.0462667	539.389	0.0876088	0.0279848	
6.62451	0.294146	899.797	0.100097	0.0778668	
8.95092	0.0487267	462.305	0.168754	0.0280932	
3.21194	0.467092	1307.35	0.0564135	0.106274	
22.0641	0.0522992	476.849	0.256094	0.0297314	
9.2671	0.125744	118.457	0.309487	0.0340323	
2.35677	0.393912	30.099	0.28795	0.000195984	
43.149	0.0826886	138.485	0.554766	0.0375666	
0.54228	1.18254	1660.29	0.0205029	0.186576	
2.15275	0.0305027	1553.03	0.0421355	0.0277922	
4.42648	0.630803	547.582	0.109437	0.10618	
15.233	0.064152	1630.32	0.108799	0.0418955	
0.290388	0.613715	144.159	0.0537525	0.0658249	
6.80027	0.386347	227.166	0.203564	0.0673907	
19.2801	0.0372091	1238.35	0.141212	0.0313984	
18.1547	0.0626505	264.833	0.303093	0.0303229	
5.49898	0.634348	734.417	0.103139	0.111962	
21.9339	0.0244838	1941.24	0.119372	0.0275018	
0.627506	0.303234	2874.57	0.016793	0.112431	
45.5285	0.190465	1543.46	0.191233	0.0755584	
3.13984	0.132362	817.143	0.0731953	0.050618	
2.87099	0.307746	366.088	0.107933	0.0645634	
1.36092	0.0707929	650.245	0.055281	0.0353767	
2.65201	0.0350641	797.008	0.0683083	0.0259683	
1.61693	0.107229	165.998	0.115515	0.0295983	
23.9712	1.42406	117.056	0.471134	0.142903	
25.6661	0.440574	632.315	0.237535	0.0943916	
13.6685	3.74912	239.495	0.280558	0.242814	
3.31874	0.0780363	29.3719	0.344765	0.00517843	
2.65159	1.00231	37.3193	0.301942	0.0299875	
11.6291	0.542224	396.942	0.206106	0.0939433	
95.6078	0.0517995	1978.88	0.241548	0.0471154	
11.9134	0.350343	385.288	0.211345	0.0757061	
16.2188	0.0263683	1320.03	0.125295	0.0254943	
15.6819	0.24317	404.455	0.235722	0.0641981	
7.76882	0.63009	1662.04	0.0771734	0.135796	
17.7328	0.0639603	1219.57	0.136671	0.0390508	
2.27312	0.000324835	-2.27857	0.716456	0.00117087	
1.74288	0.318097	1171.52	0.0442016	0.0843746	
10.4329	0.300887	674.994	0.148319	0.0761214	
40.5344	0.0029039	12.4501	0.894631	0.036976	
0.115647	0.50557	78.9122	0.0473565	0.0511495	
57.5634	0.685856	4218.52	0.133083	0.263252	
7.63958	0.151429	942.944	0.104481	0.0560678	
38.4785	0.556104	883.635	0.238146	0.111166	
0.510517	0.138907	106.811	0.0797616	0.0292382	
25.6066	0.617723	2997.81	0.104481	0.184724	
33.9412	1.35274	1615.37	0.162138	0.215355	
11.0824	0.353311	1668.25	0.0918724	0.10079	
10.1475	0.139391	996.521	0.11639	0.0545877	
33.352	0.30101	146.044	0.494827	0.0699808	
97.8995	0.14983	2364.29	0.224615	0.081607	
0.26858	2.11017	805.752	0.021787	0.218022	
17.3094	2.2391	3280.67	0.0826855	0.398219	
9.27579	0.091143	1477.31	0.0895251	0.0485807	
36.4449	0.0683423	2197.57	0.14412	0.0490584	
0.983057	0.219425	82.5735	0.124491	0.0369654	
15.3393	0.037937	2227.93	0.0933947	0.0366359	
10.6799	1.34059	2138.05	0.0796938	0.227811	
16.1603	1.95479	732.86	0.174958	0.210965	
7.38147	0.532803	168.701	0.240731	0.0733994	
62.2199	0.0499173	284.868	0.500297	0.028553	
0.908943	0.238301	1136.57	0.0324994	0.0718485	
11.8847	0.150495	970.454	0.127767	0.0563831	
12.4015	0.192069	2860.03	0.0744859	0.0921324	
3.35639	0.0391715	1715.98	0.0499718	0.0327195	
22.1461	0.285757	359.381	0.292195	0.0718451	
6.83684	0.33749	347.861	0.169217	0.0698353	
1.91914	0.459222	974.923	0.0515808	0.0984467	
27.1081	0.180316	1756.78	0.13922	0.0732298	
13.0781	1.08497	959.355	0.13489	0.15918	
4.14734	0.743388	1775.77	0.0546165	0.150615	
13.0029	0.0932433	250.926	0.265441	0.0357739	
11.5233	0.0672136	1150.82	0.114148	0.0391302	
12.1771	1.6001	63.6578	0.453633	0.197679	
2.29122	0.192782	115.195	0.161347	0.0375222	
13.3124	1.15113	1782.08	0.0973559	0.195838	
6.76032	0.255087	484.135	0.143757	0.0652583	
50.8396	0.0288362	1826.06	0.185601	0.0324795	
26.6658	0.564255	2359.07	0.119387	0.151634	
3.27735	0.133331	980.285	0.0670936	0.0524233	
20.1645	0.476222	855.902	0.178011	0.10134	
29.8076	0.0523669	874.1	0.212178	0.033486	
20.5516	0.0683377	158.665	0.392834	0.0298593	
2.90379	0.448318	749.551	0.0741955	0.0932127	
4.15604	1.22299	91.7701	0.242188	0.102623	
4.679	0.298484	139.249	0.209979	0.050618	
17.0477	0.454837	4065.11	0.0741379	0.18689	
3.26015	0.0774229	211.427	0.14665	0.0277689	
5.20248	0.23857	90.9937	0.265063	0.0446914	
16.1601	0.547816	327.166	0.262829	0.0999574	
1.85293	0.129049	502.471	0.0743626	0.045868	
1.43108	0.339068	2510.42	0.026996	0.111621	
1.38976	0.254161	1778.99	0.0316073	0.084538	
22.7738	0.273514	3365.12	0.0935232	0.126918	
12.6162	1.09079	200.563	0.288327	0.117386	
15.7858	0.260142	3666.01	0.0749306	0.12917	
14.8207	0.255353	53.4908	0.512545	0.0709104	
10.2985	0.048019	1324.34	0.0999382	0.0341876	
18.0384	1.70338	2395.1	0.0976909	0.278859	
15.7647	0.0569699	213.445	0.310323	0.027496	
24.5659	0.27894	69.7026	0.564483	0.0688151	
47.8563	0.0476906	2047.32	0.170436	0.0424543	
18.8467	0.431532	104.968	0.443119	0.0740899	
16.8269	0.198511	1064.19	0.143735	0.0668968	
2.83411	0.0642236	349.891	0.109406	0.0296189	
28.6343	0.303012	516.319	0.278043	0.0732526	
25.4257	0.22709	88.0949	0.529542	0.0577797	
3.24159	0.0166921	4.53427	0.660775	0.00786042	
20.0202	3.09053	238.089	0.333408	0.23336	
46.5918	0.143336	326.604	0.4228	0.0497975	
1.58314	0.0354186	2068.61	0.0312616	0.0325895	
11.2605	0.0654059	597.499	0.164949	0.0347202	
12.6173	0.251064	176.009	0.303341	0.0537802	
9.59549	0.0256739	1397.06	0.0937682	0.0260106	
6.68682	0.192291	434.404	0.150895	0.0562813	
12.9643	0.290718	308.81	0.242751	0.0694202	
8.05867	0.0353698	714.501	0.126414	0.0259933	
1.25883	0.112489	514.187	0.0606065	0.0427999	
2.54385	0.0623852	307.236	0.109987	0.0279855	
29.2576	0.577801	1803.68	0.14267	0.139121	
9.915	0.235017	1152.08	0.105922	0.0731846	
4.3863	0.456278	248.814	0.158213	0.0730611	
19.9101	0.389426	638.341	0.209405	0.0876364	
2.76905	0.47228	223.63	0.132445	0.0701637	
4.61188	0.0683137	1154.67	0.0723522	0.0387711	
24.9814	1.0361	284.521	0.340782	0.140182	
0.585251	0.270072	115.25	0.0828492	0.0416767	
1.80643	0.118866	778.669	0.0572157	0.0473794	
1.90895	0.106758	1266.63	0.0442679	0.0490714	
7.39713	0.0223267	2060.05	0.0675981	0.0269092	
10.2247	0.517162	57.664	0.432707	0.102798	
2.56352	0.0351638	759.521	0.0691317	0.0257724	
65.5667	0.163856	371.264	0.462736	0.0591278	
4.15883	0.275338	352.432	0.131842	0.060937	
2.1687	0.0443811	398.741	0.0901756	0.0253117	
0.179979	0.487218	-3.44946	0.205805	0.0292634	
19.9638	0.0229532	1927.37	0.114362	0.0264995	
16.7782	0.118416	578.698	0.203551	0.0470904	
40.7406	0.607537	2513.07	0.142658	0.168567	
7.64981	0.0443766	1165.22	0.092552	0.031562	
2.39522	0.252951	557.748	0.0799036	0.0661059	
95.0401	0.765094	1529.9	0.272526	0.164969	
6.04814	0.134341	530.365	0.129807	0.048358	
22.2577	0.207343	2367.68	0.108981	0.0878733	
2.01227	0.108344	1361.7	0.0436836	0.0503901	
11.6291	0.100211	677.942	0.156006	0.0437304	
83.1585	0.160706	2563.67	0.200017	0.0878119	
3.42101	0.904407	621.595	0.0898836	0.131255	
4.11128	0.103836	179.236	0.176508	0.0311085	
13.2453	0.268871	3010.99	0.0751687	0.11503	
30.3735	0.168917	2700.11	0.119306	0.0855372	
39.8354	0.0351426	1550.59	0.17884	0.0336083	
22.552	1.05652	2770.43	0.101773	0.232941	
0.41014	0.638392	147.949	0.062858	0.068146	
25.6903	0.763203	98.1801	0.513581	0.104595	
7.87718	0.0413596	2424.65	0.0642977	0.0376896	
2.26432	1.17205	398.035	0.0927139	0.134054	
0.238757	0.404742	87.0986	0.061929	0.047334	
7.44258	0.0595293	2480.57	0.0618094	0.0458207	
3.81833	1.53033	1795.22	0.052172	0.225529	
19.7627	0.008199	9.2684	0.84565	0.0154321	
41.727	1.60166	632.131	0.297681	0.187616	
20.2865	0.102991	282.691	0.310489	0.0401803	
19.515	0.195173	477.826	0.241495	0.0572071	
8.15081	0.0957964	1236.88	0.092391	0.0471822	
7.08133	0.176136	1829.49	0.0701986	0.0718219	
39.8441	2.47156	848.51	0.24775	0.253749	
1.30245	0.244158	31.2031	0.210098	0.0010574	
0.710382	0.890663	1357.04	0.0260577	0.150217	
35.2958	0.511814	1463.29	0.173713	0.122934	
17.7746	1.6149	528.479	0.219626	0.179625	
25.6545	0.16077	385.479	0.303159	0.0507698	
13.577	0.533534	2650.26	0.0807698	0.15314	
21.3485	0.42828	349.173	0.290916	0.0878614	
39.3254	0.218733	1787.18	0.165587	0.0866872	
17.8511	0.098909	1919.18	0.108444	0.0548406	
3.36677	0.0386248	1315.99	0.0575226	0.0299258	
0.0730206	0.431698	7.04627	0.0875768	0.0291608	
30.5026	0.0700939	1368.01	0.167534	0.0435721	
2.12225	0.0867781	664.423	0.0681139	0.0394437	
25.2128	0.192977	1064.92	0.174997	0.0663721	
28.911	0.318019	1763.52	0.14342	0.100541	
35.5515	0.0788112	989.292	0.215167	0.0424047	
1.09697	1.5308	53.3509	0.188066	0.107904	
18.4783	0.000931378	28.9351	0.66425	0.00398065	
14.3179	0.0935951	1181.08	0.125224	0.0462265	
11.3823	0.565391	442.062	0.193869	0.0979156	
18.0492	0.237622	1520.88	0.122592	0.0806339	
8.30767	0.318805	142.439	0.272941	0.0551477	
2.9594	0.500479	248.396	0.130631	0.0749798	
22.5623	0.742041	1281.52	0.149767	0.140686	
4.49385	0.115117	541.591	0.110869	0.044785	
5.88513	0.69809	1616.98	0.0681704	0.141478	
25.2886	0.498104	586.701	0.245656	0.0988499	
12.275	0.0502641	1241.49	0.112912	0.0340468	
7.4169	0.18367	786.77	0.114639	0.0602354	
26.7314	1.98467	969.732	0.189931	0.231393	
6.66	0.193727	1624.1	0.0723094	0.072474	
44.1421	0.141787	1340.01	0.202533	0.0616768	
8.65034	0.879847	245.049	0.221651	0.106308	
29.1538	0.0758225	1126.02	0.182006	0.0442774	
16.5637	0.390008	55.7353	0.52744	0.0887498	
2.93339	0.784519	1606.4	0.0483653	0.148995	
7.0292	0.187275	751.703	0.114704	0.0603139	
7.6865	0.191889	1425.6	0.0831007	0.0693932	
3.81495	0.0493373	1370.08	0.0598963	0.0342962	
0.18121	0.487585	389.082	0.0266396	0.0818421	
0.694099	0.304926	402.175	0.0510442	0.0655782	
0.647583	0.381409	708.678	0.0363055	0.084451	
8.10137	0.0270708	2707.05	0.0618176	0.0329107	
3.21141	0.460655	1414.68	0.0540533	0.107821	
21.6164	0.205143	606.419	0.22401	0.0628992	
6.82568	0.240859	5091.38	0.0422274	0.152409	
0.211831	0.116428	669.295	0.02148	0.045434	
13.7857	1.39693	951.177	0.139492	0.187276	
18.9188	1.58467	490.185	0.235078	0.175395	
1.54007	0.445278	128.626	0.127313	0.0572771	
10.6117	0.990526	1535.23	0.0938626	0.169731	
5.67297	0.0924438	927.705	0.0910284	0.0433664	
3.10347	0.333952	944.734	0.0667432	0.0832188	
0.468469	0.502251	2489.32	0.0155261	0.136385	
2.53715	0.234052	3221.79	0.0319663	0.107143	
3.57054	0.117686	816.267	0.0780747	0.0477584	
10.1979	1.21973	435.191	0.185346	0.143856	
10.0309	0.0727889	1868.88	0.08258	0.0467247	
19.9866	0.456146	137.112	0.410913	0.076717	
19.9525	0.804194	1946.03	0.1138	0.168218	
10.5621	1.27822	304.286	0.222155	0.139801	
4.87381	0.0361539	892.345	0.0863916	0.0272016	
31.7786	0.712446	437.397	0.315873	0.111644	
18.4212	0.808746	955.723	0.159836	0.135919	
17.7292	0.0732676	364.826	0.261613	0.0362228	
12.7653	0.0732051	1506.37	0.103817	0.044185	
1.99833	1.19743	139.789	0.141172	0.0987778	
55.2497	0.0339496	1015.04	0.261243	0.0305148	
2.31075	0.117764	215.196	0.122892	0.033946	
2.72824	0.600997	118.115	0.174902	0.0685007	
19.0388	0.196467	532.327	0.226039	0.0598236	
20.8241	0.269008	2930.96	0.0952812	0.114144	
10.549	0.561481	3244.15	0.0648836	0.177402	
13.9449	0.205983	3250.25	0.0744724	0.105163	
3.45992	0.0311438	1031.12	0.066913	0.0254335	
30.3881	0.47144	2167.03	0.132743	0.134086	
0.557661	0.272815	3109.47	0.0152459	0.111671	
9.68452	0.488723	163.474	0.277012	0.0730171	
16.3368	1.1165	1597.17	0.113852	0.18623	
6.66398	1.32848	2513.21	0.0581913	0.241884	
2.54231	0.284835	785.593	0.0674838	0.0745979	
48.8352	0.0892906	1461.48	0.203331	0.0537764	
17.4626	0.162399	2135.19	0.101723	0.0742473	
12.7808	0.902126	107.359	0.373701	0.100585	
58.3345	0.0300886	1326.8	0.232568	0.0308492	
10.4145	0.0354705	1917.39	0.0830642	0.0324579	
7.40913	0.227669	423.914	0.160541	0.0614394	
2.54351	0.0357417	624.264	0.0772663	0.0250727	
1.86461	0.371753	216.971	0.110563	0.0602951	
4.01696	0.0686579	317.849	0.135712	0.0303473	
4.9266	0.181022	56.9104	0.315258	0.0449366	
8.5647	0.248663	2795.74	0.0626106	0.103013	
1.69045	0.622246	1950.4	0.0332995	0.140006	
6.15919	0.280002	467.383	0.139808	0.0676429	
7.2354	0.0774067	293.129	0.18755	0.0324834	
0.0462685	0.247525	146.695	0.0212764	0.0407214	
1.10797	0.102967	867.607	0.0420162	0.0447259	
6.35693	0.153704	98.0999	0.281509	0.0363148	
13.1402	0.0360765	855.645	0.144482	0.027863	
31.9866	0.101092	536.372	0.28708	0.0442731	
8.57647	0.228286	329.902	0.193389	0.0577514	
3.85712	0.162579	191.027	0.166513	0.039714	
3.49567	0.757457	1830.41	0.0493985	0.153375	
1.7345	0.545184	2265.17	0.031291	0.138127	
17.9543	0.837601	2687.05	0.0922064	0.198883	
0.593982	0.233994	1683.06	0.0212751	0.0790159	
13.3019	0.385178	1331.26	0.113127	0.0987267	
0.158715	0.050268	360.305	0.0256912	0.0251239	
14.1855	0.172662	1023.9	0.135129	0.0613088	
5.9903	0.366034	697.062	0.110853	0.0835097	
35.9246	1.42928	1493.18	0.173472	0.217018	
4.95991	0.125257	254.212	0.166157	0.0385081	
34.0052	0.0243914	2273.96	0.136987	0.0308264	
3.74192	0.307392	853.646	0.0778124	0.0783324	
4.16138	0.357757	390.678	0.125774	0.0719544	
29.6313	0.61568	970.655	0.199383	0.120084	
13.6582	0.135362	807.979	0.152309	0.05228	
1.6319	0.144039	326.492	0.0859167	0.0429173	
0.471201	0.251038	-12.0719	0.196331	0.0213007	
31.064	0.33691	2243.24	0.131918	0.113903	
11.5693	0.434289	283.866	0.23861	0.0821392	
4.2208	0.804672	2502.39	0.046419	0.18058	
31.527	0.147425	883.711	0.216596	0.0575865	
16.1304	0.695898	45.0843	0.562078	0.0714092	
14.1188	0.391855	1453.5	0.111195	0.102392	
5.37722	0.0298793	1575.6	0.0660169	0.0279843	
4.08495	0.421764	502.644	0.110061	0.0843157	
4.44004	1.91008	1400.38	0.0639619	0.236196	
2.95938	0.429784	260.179	0.127904	0.0704141	
5.28355	0.168568	1876.74	0.059903	0.0705005	
18.3167	0.253765	843.858	0.171294	0.0726043	
9.04613	0.044873	1299.72	0.0946787	0.0327576	
29.4311	0.690701	1133.52	0.182237	0.13203	
2.87265	0.632245	1994.22	0.0429026	0.143136	
13.2369	0.0391141	1906.18	0.0938354	0.034228	
4.44845	1.0343	280.234	0.151576	0.116604	
11.6363	1.04783	2252.23	0.0810226	0.203495	
11.8431	0.0436502	333.673	0.224711	0.0265564	
12.9999	1.39105	2619.99	0.079512	0.258156	
4.22916	0.153308	89.3846	0.242088	0.0349415	
7.09451	0.136114	83.5256	0.316502	0.0354637	
4.4735	0.0802447	103.2	0.233402	0.0251094	
4.53343	0.0790911	2127.7	0.0521112	0.0498185	
10.8723	0.120137	896.798	0.128073	0.0495334	
11.3002	0.0741994	1238.81	0.108519	0.041841	
26.9344	0.205549	3172.56	0.104396	0.108699	
0.134866	0.737605	1181.07	0.0122751	0.130501	
9.95493	0.171066	371.029	0.197156	0.0515796	
1.83331	0.0777104	2066.73	0.0336548	0.0484397	
7.453	0.207918	49.7872	0.399439	0.0590882	
20.9217	0.141612	1620.97	0.127619	0.0630035	
8.58505	1.12962	3609.96	0.0557747	0.280063	
24.7041	0.282029	184.827	0.401417	0.0658425	
8.37567	0.603371	2854.43	0.0613389	0.168467	
4.6139	0.0732194	4755.99	0.0358499	0.0763488	
19.4505	0.0111786	3821.95	0.0815003	0.0282647	
1.73255	0.356198	286.984	0.0940493	0.0648279	
11.8787	0.0720717	2161.42	0.0835163	0.0485761	
17.3701	0.0169426	3261.61	0.0829238	0.0293511	
64.1075	0.953151	828.678	0.312472	0.153023	
15.2837	0.343691	1134.57	0.132259	0.0897961	
14.8496	0.180216	753.765	0.165248	0.0596857	
17.566	0.0549808	797.659	0.173436	0.0342615	
0.0328623	0.0429571	932.165	0.00693317	0.0288985	
12.1742	0.320847	1304.81	0.109459	0.089058	
45.0825	0.221796	1697.33	0.181524	0.0827601	
25.8984	0.035596	1474.96	0.148722	0.0322492	
2.99962	0.0904097	480.437	0.0966601	0.038289	
5.87672	0.0342808	922.25	0.0929575	0.0266962	
3.93299	0.0843455	1587.48	0.0562742	0.0468117	
1.10084	0.310461	129.688	0.107248	0.0469693	
13.8048	0.515583	2272.91	0.0877778	0.138642	
4.76875	1.09718	164.963	0.198235	0.104171	
19.2	0.213394	106.863	0.443134	0.0516891	
5.59503	0.342768	1974.49	0.0600967	0.103859	
24.9068	1.32817	1794.19	0.13218	0.217437	
4.42062	0.223614	2749.24	0.0453761	0.0949957	
10.75	0.0972492	2196.63	0.0788358	0.0567265	
6.39523	0.524369	321.989	0.169645	0.0893185	
36.2078	0.358707	329.857	0.377936	0.0797273	
37.5603	0.532661	2015.64	0.152624	0.140482	
10.736	0.115533	723.521	0.14447	0.0471367	
0.844243	0.0386561	698.848	0.0417616	0.0264069	
11.456	0.676719	1281.72	0.10727	0.131353	
19.8176	0.199088	106.469	0.449509	0.0502724	
5.86722	1.04539	2258.01	0.0575613	0.200269	
2.0177	0.286453	313.832	0.0973581	0.0612729	
8.3864	0.21529	98.301	0.319529	0.0446664	
29.1056	0.182392	3606.68	0.102283	0.108149	
0.397547	0.14534	92.599	0.0753634	0.0290114	
3.82768	0.235136	2213.24	0.0469587	0.0881093	
10.9628	0.114862	180.529	0.281158	0.0345219	
3.03193	1.07939	175.129	0.155261	0.101417	
11.7076	0.701899	648.776	0.160553	0.119187	
0.536864	2.23098	1905.95	0.0190953	0.281787	
15.401	0.124964	1392.46	0.118709	0.0567731	
14.5096	0.178463	145.063	0.349266	0.0434617	
2.83326	0.822081	996.535	0.0618493	0.135193	
18.0413	0.0253005	1827.17	0.111711	0.0274213	
23.0266	0.801927	1764.58	0.128236	0.163059	
9.29125	0.437102	842.188	0.123059	0.094612	
5.84712	0.0686174	226.5	0.189214	0.0278161	
4.46936	0.396566	47.3013	0.329604	0.0480128	
19.976	0.241153	1224.62	0.14458	0.0771174	
23.6587	1.67082	2343.82	0.11288	0.276015	
16.8656	0.152396	2096.19	0.100908	0.0713377	
4.09543	0.542422	188.976	0.172742	0.0735363	
11.9053	0.760019	477.107	0.190844	0.116096	
31.5556	0.0483328	1084.16	0.193098	0.0338717	
15.2245	0.730913	930.399	0.147913	0.127532	
0.489841	0.00174668	2.95099	0.385117	0.00160885	
3.11346	0.121521	769.262	0.0755706	0.0480019	
20.014	1.11134	2599.19	0.0988644	0.229487	
2.28255	0.0382902	1143.98	0.0512344	0.0287042	
13.7597	0.119051	1397.93	0.112052	0.0552574	
25.6179	0.367047	782.298	0.210396	0.087833	
29.4971	0.0869746	345.647	0.338503	0.0381379	
0.342311	0.0836133	244.402	0.0449854	0.0283459	
11.6171	0.428912	79.1551	0.40297	0.0709671	
41.8747	0.940644	276.556	0.43116	0.156295	
14.2209	0.122797	73.3113	0.450035	0.0395975	
26.0915	0.0878727	2579.89	0.113082	0.059487	
35.8407	0.263922	2117.48	0.145579	0.0993797	
2.4625	0.161287	133.306	0.156574	0.035276	
11.842	0.422078	2057.38	0.085483	0.119144	
4.97315	0.592726	1078.88	0.0781092	0.116357	
19.3464	0.272132	1747.83	0.118226	0.0905835	
9.8872	1.73257	1474.76	0.0926326	0.229822	
46.914	0.0791671	1999.14	0.170771	0.0551115	
14.5918	0.0983118	253.119	0.279143	0.0372695	
5.4898	0.697998	842.364	0.0949487	0.120536	
2.7415	0.675238	-7.89038	0.504195	0.0294228	
10.4441	0.306478	1419.54	0.0969791	0.0887771	
8.42105	0.687458	314.57	0.195981	0.10371	
5.82427	0.155956	375.461	0.151064	0.0488876	
3.14081	0.149123	1319.26	0.055495	0.0589938	
26.0855	0.200444	492.068	0.27271	0.0586954	
8.04504	0.769454	1068.36	0.0997229	0.134667	
5.69508	0.341881	202.483	0.196363	0.0604704	
1.37475	1.19225	207.755	0.0980816	0.107825	
10.1224	0.265153	1039.56	0.113452	0.0763236	
7.94632	0.171941	1543.42	0.0810403	0.0672738	
3.80572	0.297938	307.724	0.134198	0.0632423	
20.3309	0.756387	1637.56	0.125204	0.153101	
63.0946	0.249999	1357.64	0.238543	0.0845096	
9.43476	0.707236	670.092	0.1418	0.119133	
27.9026	0.771496	1634.54	0.146428	0.156795	
8.54887	1.35743	73.6477	0.368745	0.129902	
9.61119	0.0389507	1315.22	0.0969382	0.0306284	
15.8289	0.471918	2180.65	0.0958935	0.130344	
27.4244	0.125222	649.338	0.24142	0.050449	
17.7309	0.620924	2016.88	0.105462	0.147174	
1.72198	0.486379	295.722	0.0925926	0.0768849	
2.81201	0.138557	91.5923	0.19704	0.0318378	
13.1992	0.0633168	147.356	0.332465	0.0253872	
0.50555	0.612376	49.5998	0.127154	0.062553	
11.9263	0.762497	2282.71	0.0814662	0.171412	
11.6684	1.03258	58.1731	0.458343	0.100802	
32.354	0.260901	1821.21	0.149145	0.092412	
52.9554	1.42555	746.883	0.303282	0.186797	
13.1546	0.028901	2028.54	0.0906871	0.0310135	
40.4498	0.158018	181.866	0.494534	0.0569153	
0.236789	0.422938	979.905	0.018091	0.0937556	
10.9085	0.261628	86.3331	0.378557	0.0525897	
1.17388	0.245056	93.0835	0.12852	0.0396815	
13.9906	0.294627	407.528	0.222406	0.0701562	
8.46546	0.221351	2727.28	0.0629751	0.0953315	
9.69389	0.261951	138.038	0.296898	0.0504083	
9.84888	0.0694155	250.424	0.232947	0.0279137	
22.8193	0.058741	967.649	0.176025	0.0366679	
20.153	0.850233	2980.06	0.0930598	0.215168	
31.6751	0.50708	2238.74	0.133327	0.14181	
5.56117	0.0548117	2446	0.0538224	0.0434019	
18.4141	0.279427	1955.69	0.109097	0.0950885	
6.97576	0.252931	424.686	0.155747	0.0634081	
24.7345	0.169982	1910.14	0.127674	0.0729633	
2.09066	0.19268	280.238	0.104086	0.0473328	
9.39496	0.307713	266.159	0.222038	0.0657217	
7.54166	1.2209	988.89	0.101089	0.169077	
53.6672	0.78454	1118.6	0.244628	0.146408	
10.7168	0.0949993	2764.64	0.0703642	0.0625371	
1.25255	0.109694	396.497	0.0688456	0.0393426	
10.6882	0.0958092	948.894	0.122859	0.0445455	
27.2294	0.108395	2303.65	0.122017	0.0624277	
8.71962	1.18782	2183.63	0.0712948	0.213689	
57.3676	0.0468048	1604.67	0.209625	0.0396912	
