0	2	
0.244799	1.88115	660.871	0.0234426	0.196567	
36.6933	0.00575857	24.9064	0.807299	0.0111903	
34.6599	1.15788	1059.73	0.20469	0.174987	
19.7697	0.00952856	38.85	0.625294	0.00222821	
2.99738	0.685261	1172.25	0.0579289	0.126783	
4.69478	1.92177	716.384	0.0968194	0.204887	
17.301	0.0170361	1.66176	0.946429	0.0474	
5.62811	1.49547	737.412	0.104132	0.179093	
2.56606	1.26219	890.003	0.0629734	0.167537	
10.7029	2.27266	0.635468	0.97258	0.233039	
19.1799	0.956387	762.583	0.185874	0.143847	
7.43065	0.623764	1007.22	0.0991978	0.117658	
12.8038	0.000440054	11.0666	0.757614	0.00402204	
13.3008	0.0425412	28.7181	0.601291	0.00584828	
20.9021	0.516727	991.31	0.166412	0.108567	
14.3941	0.367515	30.9017	0.605529	0.0177651	
23.1725	0.0417018	-3.31334	0.306016	0.001171	
16.0681	0.0739079	24.5471	0.666387	0.00578368	
16.9046	0.307354	25.1458	0.67318	0.0180753	
0.518375	0.695431	1037.49	0.0258857	0.123536	
14.3349	0.214323	0.848932	0.999796	1.19843	
8.29856	2.17377	623.874	0.138831	0.216394	
24.7937	0.00473768	46.3182	0.638693	0.00727841	
0.335962	1.70556	698.558	0.026505	0.188339	
6.95289	2.21922	8.56902	0.649839	0.0189675	
14.2932	0.119736	9.43613	0.79912	0.0273678	
54.9586	0.681674	913.69	0.276103	0.128456	
16.5321	0.815786	0.228394	0.99947	1.81835	
18.0677	0.0171697	6.14457	0.879392	0.0269689	
38.8484	0.662266	1556.73	0.176359	0.144596	
19.1336	0.000643595	9.83464	0.834627	0.00719155	
21.3887	0.000432682	23.8166	0.724779	0.00279477	
60.1885	0.703371	-5.08868	0.987648	0.199594	
25.0107	0.332413	-13.3358	0.834359	0.073928	
0.751568	1.49027	737.357	0.0382624	0.176933	
17.7715	0.405221	19.8054	0.722715	0.0180856	
9.49079	0.656284	1101.44	0.106356	0.123411	
21.3769	2.34095	513.566	0.243511	0.213766	
15.2669	0.099037	11.8646	0.775981	0.0131999	
37.8702	0.325914	1111.25	0.207974	0.0905221	
0.247011	2.01339	617.16	0.0245521	0.201136	
6.2795	3.60557	27.6004	0.450282	0.0184116	
28.4953	0.0158397	5.98256	0.912033	0.012881	
26.4795	1.04892	2.04207	0.965405	0.125291	
16.0531	0.371772	-1.46558	0.957442	0.0967353	
10.7421	0.136052	8.74147	0.764473	0.00920853	
37.0833	0.012679	5.29062	0.299616	0.00836002	
1.16208	0.616131	1290.97	0.0342173	0.121791	
13.319	0.0560136	3.41036	0.893498	0.0429936	
31.3916	0.127657	-4.73971	0.938754	0.0555238	
2.18735	3.83971	686.94	0.0681729	0.30093	
21.9039	0.0640946	3.77168	0.928664	0.0694496	
9.95749	1.89893	797.117	0.131569	0.210384	
0.843734	0.42465	1239.46	0.0298193	0.0988593	
23.911	0.286882	-4.01479	0.930999	0.103744	
14.9462	0.000474644	22.1203	0.670515	0.00264062	
19.1697	0.142178	1.26679	0.997202	0.557186	
55.0951	0.114676	-3.11876	0.995362	0.344042	
25.5648	1.61977	1056.42	0.177099	0.20684	
28.516	0.463836	1081.08	0.184222	0.105488	
15.5331	0.489606	16.4453	0.72923	0.0187091	
9.76729	2.08883	527.167	0.164887	0.203704	
29.1735	0.8669	24.8098	0.774162	0.0389684	
18.078	0.049635	-1.26817	0.994469	0.320723	
14.4294	0.0185019	28.3198	0.619788	0.00218817	
28.3896	0.111245	3.83819	0.934281	0.0866923	
15.9058	0.017352	7.171	0.848209	0.00687927	
20.0442	0	2.56378	0.943529	0	
13.3417	1.06315	958.642	0.136275	0.15743	
10.7134	1.55146	-2.29454	0.919082	0.0807364	
3.28136	3.73255	396.201	0.112705	0.260415	
0.0213475	1.12524	864.06	0.00590329	0.154708	
25.12	1.14576	767.828	0.210702	0.162814	
6.81251	2.27481	626.788	0.125715	0.221672	
11.7643	0.227165	23.1723	0.616918	0.00461248	
0.363053	1.37337	810.239	0.0251456	0.171502	
35.7117	0.121993	35.0945	0.753791	0.0251474	
21.271	0.736498	1460.64	0.135746	0.145479	
33.1977	9.34402e-05	35.9366	0.737279	0	
14.9704	0.208045	0.0172689	0.999961	1.90999	
11.7716	0.937463	849.491	0.137554	0.14513	
21.0517	0.000639578	-10.53	0.838927	0.00662688	
18.9586	0.222318	41.3337	0.60693	0.0387434	
22.8997	0.382388	1360.61	0.146081	0.101114	
21.0277	0.0813842	-6.98114	0.88328	0.0153503	
80.1895	0.093195	10.5917	0.945131	0.12614	
4.69417	0.21645	1513.8	0.0630007	0.074614	
20.2189	0.0216439	-0.0786082	0.942474	1.08929e+10	
21.8222	0.0514765	9.60471	0.854063	0.019245	
16.1521	1.24753	18.6701	0.716736	0.022396	
19.8536	0.000484033	-11.3943	0.821235	0.00593675	
15.5101	2.54014	448.618	0.223721	0.2168