10 15
-3.46006	-0	0.192967	-5.58868	-191	2.68903	
0.458291	0	0.329799	-110.2	54.3464	-85.1638	
-6.6829	-0	0.0804227	28.6362	-158.573	11.7547	
-0.479612	-0	0.297046	54.0508	-81.003	-28.2913	
-5.99038	-0	0.104606	17.0058	-195.689	5.72694	
-3.75171	-0	0.182782	25.1427	-190.949	-7.74271	
-0.148199	-0	0.30862	28.912	-11.213	-35.8367	
-3.98901	-0	0.174496	-26.9814	-184.861	2.698	
-4.46417	-0	0.157902	8.95317	-199.366	-3.87691	
0.0327582	0	0.314939	49.5053	19.3987	46.3061	
-4.87436	-0	0.143578	-15.9958	-156.448	-0.510907	
-5.82465	-0	0.110393	-6.94011	-172.924	3.635	
0.192047	0	0.320501	25.2037	57.6247	38.4827	
-0.336345	-0	0.302049	-41.2122	-85.3828	42.778	
-5.98673	-0	0.104734	-27.7578	-165.585	-1.91665	
-0.372656	-0	0.300781	-31.4545	-82.923	46.1224	
-0.259865	-0	0.30472	-38.7534	12.7502	68.6375	
-0.355543	-0	0.301379	42.9958	-69.0411	-20.9187	
0.371767	0	0.326777	10.976	67.6388	34.8566	
-5.53757	-0	0.120418	4.25094	-187.355	2.33562	
-0.0930487	-0	0.310545	-9.37073	-9.12352	-46.9021	
-3.76609	-0	0.18228	-11.2202	-165.656	-10.0692	
0.605862	0	0.334952	0.555818	76.4501	-2.91885	
-3.79409	-0	0.181302	-2.02667	-184.117	4.59494	
-0.115125	-0	0.309775	-15.2719	-74.4324	-12.6484	
-0.173338	-0	0.307742	54.0011	-54.4379	-68.7232	
-5.55438	-0	0.119831	-68.7199	-164.499	2.94572	
0.0367266	0	0.315077	-46.4402	6.21874	-103.566	
-0.237197	-0	0.305512	24.7936	-25.9049	-14.121	
-6.46083	-0	0.0881774	3.64656	-240.948	-7.41442	
-0.174462	-0	0.307702	-67.4213	-56.3711	113.684	
-0.342291	-0	0.301842	85.5934	-69.5798	-71.8754	
0.301604	0	0.324327	-143.171	-16.872	-206.163	
-0.185245	-0	0.307326	-83.3445	71.9903	156.192	
-3.97702	-0	0.174914	9.04986	-185.404	-1.8913	
-0.275471	-0	0.304175	60.0128	-71.8967	-97.6692	
-5.88588	-0	0.108255	29.8658	-187.133	4.55571	
-3.26866	-0	0.19965	38.1496	-157.118	7.24341	
0.176976	0	0.319975	-53.6684	67.0407	-91.0222	
-6.5627	-0	0.0846202	-49.1599	-169.329	-1.22071	
-3.25794	-0	0.200025	-6.15019	-189.432	-0.32543	
-0.259461	-0	0.304734	-8.68536	-106.376	8.79554	
-0.125198	-0	0.309423	75.7279	-47.7849	-173.889	
0.0697784	0	0.316231	-7.32612	29.265	-184.663	
0.117164	0	0.317886	-58.9153	-12.5088	-66.6623	
-0.162285	-0	0.308128	7.54171	-53.865	14.407	
0.322053	0	0.325041	-97.4068	16.4278	-113.487	
-6.74615	-0	0.0782141	-5.59316	-191.364	7.70161	
-0.125305	-0	0.309419	10.7265	-27.2164	14.7489	
-0.233481	-0	0.305641	-118.072	20.3002	119.403	
-3.75966	-0	0.182504	-15.2973	-182.713	20.0198	
-0.200729	-0	0.306785	44.1823	-18.7899	-98.3024	
-3.868	-0	0.178721	25.3634	-206.08	-8.3118	
-6.20918	-0	0.0969655	6.78382	-199.617	0.822924	
0.302893	0	0.324372	-64.9816	-13.2548	-31.1251	
0.308354	0	0.324563	36.4684	71.7366	35.629	
0.188955	0	0.320393	-12.3844	6.7042	-63.5194	
-0.563916	-0	0.294102	122.045	5.53054	-80.1054	
-4.96464	-0	0.140426	41.2394	-212.789	10.7468	
-6.08126	-0	0.101433	-49.0517	-177.773	-0.395204	
0.276334	0	0.323445	-59.521	59.5123	-30.0396	
-3.13109	-0	0.204455	25.068	-168.366	-0.282018	
0.372922	0	0.326817	-128.407	66.5282	-75.5408	
-0.0767565	-0	0.311114	36.2314	16.522	-94.3694	
0.360927	0	0.326399	-9.93074	78.464	-17.8249	
0.0919313	0	0.317005	56.1355	41.7506	178.75	
0.149656	0	0.319021	45.2852	47.9166	82.3864	
-0.087255	-0	0.310748	34.2804	-29.3826	-124.527	
-4.9326	-0	0.141545	37.7984	-194.348	-5.09053	
-0.113008	-0	0.309848	-61.6519	20.3041	25.1678	
-2.20951	-0	0.236637	-4.13128	-179.316	10.9361	
-4.56602	-0	0.154346	-1.4639	-189.237	0.245577	
-4.74843	-0	0.147976	-41.2061	-161.701	-4.24204	
-3.754	-0	0.182702	-4.44578	-166.965	-10.9771	
-0.271022	-0	0.30433	-42.202	-85.4995	54.1018	
-4.22642	-0	0.166205	-4.8668	-191.708	3.20717	
0.628926	0	0.335757	-55.7558	55.8007	-42.4694	
-6.98383	-0	0.0699141	40.7862	-209.146	9.14342	
0.609528	0	0.33508	-54.1553	58.9581	-28.8769	
0.122707	0	0.31808	25.7738	0.140732	1.05743	
-5.02054	-0	0.138474	23.9993	-169.203	-3.18515	
0.250875	0	0.322556	60.5684	-41.9729	72.6537	
-0.512066	-0	0.295913	15.118	-80.7195	-22.0107	
-6.96756	-0	0.0704821	-44.8816	-195.278	-5.14674	
0.288192	0	0.323859	-23.1765	-24.2239	-1.0499	
-0.436103	-0	0.298566	-205.029	-24.287	159.265	
-7.03956	-0	0.067968	3.79121	-215.042	1.7485	
0.201442	0	0.320829	7.7854	-0.390227	38.5993	
-0.317717	-0	0.3027	-26.8458	-30.2304	44.6368	
0.311647	0	0.324678	69.4069	59.9079	20.5342	
-0.285011	-0	0.303842	48.0001	39.9784	-46.9351	
-2.86297	-0	0.213818	16.8489	-156.696	-7.77975	
0.377295	0	0.32697	-15.8505	86.8928	-10.995	
0.47072	0	0.330233	44.9449	41.8337	10.7478	
-0.0797015	-0	0.311012	38.9228	18.0423	-94.9629	
-0.0278813	-0	0.312821	-20.4215	0.694685	-8.53674	
-4.24071	-0	0.165706	10.4625	-153.384	0.238273	
-4.89444	-0	0.142877	29.5401	-162.018	-0.951073	
-2.75738	-0	0.217505	0.0993863	-212.713	-0.345226	
0.23998	0	0.322175	-53.553	74.4437	-45.9971	
0.302043	0	0.324342	8.45712	81.0439	12.371	
-4.8406	-0	0.144757	2.01022	-184.797	3.08738	
0.394366	0	0.327566	4.51635	79.0251	-1.47663	
0.270637	0	0.323246	-27.4791	69.7167	7.46742	
0.26579	0	0.323076	-50.6538	-49.7912	-53.5366	
-3.32796	-0	0.19758	-14.3468	-174.472	3.57698	
0.292754	0	0.324018	138.784	52.3781	148.542	
0.710091	0	0.338592	-91.6335	55.9	-33.7071	
-0.116722	-0	0.309719	3.82997	7.66298	-103.892	
-0.290914	-0	0.303636	91.6094	-62.1294	-83.8359	
-0.0834169	-0	0.310882	-23.599	-42.3579	28.0907	
0.151049	0	0.31907	24.578	10.3492	-5.78292	
-3.86942	-0	0.178672	-30.7932	-204.837	8.52679	
0.387024	0	0.32731	42.2649	38.1058	34.6681	
0.254578	0	0.322685	32.7905	29.8668	31.4116	
-0.361016	-0	0.301188	-68.0914	-16.844	76.9106	
-0.406715	-0	0.299592	-45.4122	-69.9082	26.7683	
0.522752	0	0.33205	-13.5284	79.9131	5.44626	
-5.44272	-0	0.123731	-76.4708	-184.516	-1.69864	
0.0299056	0	0.314839	-21.8263	5.81293	-131.623	
-3.41388	-0	0.19458	-9.36316	-147.723	0.468008	
-5.01704	-0	0.138596	57.0619	-203.934	-4.66272	
-0.501151	-0	0.296294	-92.0213	-79.812	46.5479	
0.138522	0	0.318632	-20.9324	-13.0043	18.2789	
-0.25934	-0	0.304738	-33.4932	-70.9655	62.4945	
-4.15896	-0	0.168561	-63.9774	-171.058	13.5578	
0.259015	0	0.32284	76.7269	5.92078	104.483	
-0.298198	-0	0.303381	88.766	-54.2206	-59.2529	
-0.41602	-0	0.299267	27.1989	-91.0104	-30.951	
-0.305372	-0	0.303131	32.4212	-66.0184	-31.4709	
0.330477	0	0.325335	-104.839	43.5118	-85.4394	
-5.60463	-0	0.118077	-6.28633	-178.237	13.5869	
-0.164135	-0	0.308063	14.822	-55.8591	-10.3968	
0.289754	0	0.323913	-25.0226	45.021	0.577889	
-0.183549	-0	0.307385	-25.8877	-59.3962	68.8616	
-4.45867	-0	0.158094	28.9296	-168.964	-0.747403	
-0.560578	-0	0.294219	-71.1315	-47.507	25.1654	
-0.185654	-0	0.307312	-67.9849	4.97517	109.416	
0.558576	0	0.333301	26.907	85.9568	16.8943	
-0.211944	-0	0.306394	48.6556	-58.25	-126.271	
-7.20586	-0	0.0621607	-54.5822	-222.305	2.76915	
0.303931	0	0.324408	168.195	22.2125	152.191	
0.428571	0	0.328761	-21.1967	52.6757	-19.5999	
-4.08592	-0	0.171111	-0.0425299	-190.091	-2.30537	
0.177742	0	0.320002	-77.8304	43.3904	-161.529	
-3.8213	-0	0.180352	6.12121	-167.644	9.2718	
-2.62905	-0	0.221986	-20.7517	-209.628	6.04807	
-5.92216	-0	0.106989	-1.84852	-191.93	0.0986325	
-0.238941	-0	0.305451	-34.3797	-39.412	77.8794	
-5.33843	-0	0.127373	10.8209	-180.879	-1.71352	
-0.346589	-0	0.301692	-30.7634	-73.2009	-7.11859	
-4.33552	-0	0.162395	6.70883	-192.601	8.63492	
-0.345575	-0	0.301727	-9.24286	-38.172	50.629	
-6.96557	-0	0.0705518	0.0568877	-183.724	3.47057	
-6.17509	-0	0.0981558	-18.4478	-194.617	-10.0508	
-5.57255	-0	0.119197	-4.70936	-151.7	13.6749	
-0.344478	-0	0.301765	-60.4186	-73.5785	37.8366	
-0.502698	-0	0.29624	38.8128	-86.1994	-22.6346	
-0.58948	-0	0.29321	122.373	-78.0365	-67.2227	
-3.98166	-0	0.174752	18.1114	-173.376	-0.91546	
-0.376846	-0	0.300635	59.7383	-51.7063	-8.55237	
-4.58841	-0	0.153564	-40.2766	-215.565	-0.156718	
-5.96444	-0	0.105512	20.0179	-177.47	4.92195	
-4.17299	-0	0.168071	-35.2425	-233.885	7.67321	
-5.46884	-0	0.122819	-33.1427	-208.324	-5.64674	
-0.329169	-0	0.3023	-131.462	42.3176	100.384	
-0.39326	-0	0.300062	63.9501	-33.2966	-41.1137	
0.52424	0	0.332102	77.3224	-71.2861	58.3791	
-0.229403	-0	0.305784	9.49496	0.0015302	-15.4649	
-3.09347	-0	0.205768	-19.5516	-171.227	8.0229	
0.215389	0	0.321316	-11.4473	16.4606	45.6667	
-0.0594934	-0	0.311717	4.12054	14.1487	105.303	
-5.29342	-0	0.128944	-2.10676	-179.761	10.8252	
-0.252687	-0	0.304971	-96.335	-82.8829	82.0961	
0.323692	0	0.325098	33.1004	-56.1077	86.5705	
-0.264387	-0	0.304562	8.91174	-6.65097	-30.5649	
0.164303	0	0.319532	-46.0201	30.3039	-72.531	
-6.28043	-0	0.0944774	0.131747	-171.29	1.4913	
-6.17353	-0	0.0982103	16.3356	-194.169	-4.59253	
-6.03842	-0	0.102928	-22.4606	-152.005	3.16608	
0.190709	0	0.320454	48.3241	52.2265	115.609	
-0.21423	-0	0.306314	-12.3856	-29.2284	-48.5244	
-7.65125	-0	0.0466073	27.4049	-171.122	-1.41603	
0.135481	0	0.318526	70.7846	25.5742	145.055	
-0.395386	-0	0.299988	19.4484	-84.1063	-24.9227	
-0.197706	-0	0.306891	27.3033	-65.9558	-33.6972	
-0.0272067	-0	0.312845	-25.0167	-9.04027	107.906	
0.0958023	0	0.31714	-13.1325	-32.4592	14.4524	
-2.73595	-0	0.218253	-42.5007	-156.194	-3.41396	
-0.498992	-0	0.29637	-51.6035	-79.7771	7.92736	
0.332051	0	0.32539	-37.3345	87.9321	-26.3969	
0.231204	0	0.321869	-22.1327	49.2621	-52.5487	
0.569044	0	0.333666	-84.9645	40.9228	-46.8079	
-0.361468	-0	0.301172	11.2	-22.2967	24.0257	
-5.27446	-0	0.129607	4.47323	-215.928	12.2884	
0.387916	0	0.327341	-206.092	90.3164	-157.817	
0.421257	0	0.328505	-21.1643	76.5101	-49.2579	
-5.89987	-0	0.107767	-11.2547	-181.636	5.83062	
-4.9525	-0	0.14085	-40.8906	-153.861	-0.694206	
0.234894	0	0.321997	-22.5629	67.5629	9.39008	
-0.347161	-0	0.301672	82.4777	-44.7343	-116.737	
-0.149519	-0	0.308573	36.6048	-63.6982	-54.0701	
0.171095	0	0.31977	58.5888	66.4136	126.891	
0.198785	0	0.320736	-60.9458	57.0096	-154.836	
-5.16881	-0	0.133296	13.2719	-196.032	7.38276	
0.579108	0	0.334018	-46.2623	61.7825	-25.606	
-0.158804	-0	0.308249	-82.79	13.6421	140.779	
-6.0655	-0	0.101983	-30.057	-209.857	-6.76768	
-3.13744	-0	0.204233	-9.76809	-202.536	-11.4235	
-0.280044	-0	0.304015	-3.70639	22.0442	9.57402	
-0.356753	-0	0.301337	-25.622	13.369	1.21485	
-5.65692	-0	0.116251	-21.1848	-240.309	4.83694	
0.381921	0	0.327132	33.9588	91.515	21.0047	
-3.06623	-0	0.20672	-0.586379	-177.143	15.4763	
-3.58021	-0	0.188771	41.0562	-212.1	5.12062	
0.231756	0	0.321888	-27.9551	67.5902	-84.898	
-2.69908	-0	0.219541	-26.1624	-146.734	4.16795	
-5.43165	-0	0.124117	-28.0146	-215.935	7.85896	
0.188678	0	0.320384	-99.2391	79.6001	-161.027	
0.100159	0	0.317292	0.679262	47.4577	-43.7951	
-0.270962	-0	0.304333	-30.695	-75.626	29.4549	
-5.20242	-0	0.132122	-54.4261	-176.972	-10.7032	
-3.98419	-0	0.174664	38.7769	-175.537	-8.34627	
0.363666	0	0.326494	14.3982	-18.0866	-29.5908	
-2.12312	-0	0.239654	25.0117	-143.466	-12.0518	
-0.317318	-0	0.302714	-41.5302	-69.154	48.4702	
-0.0580052	-0	0.311769	38.3958	-31.4558	-146.74	
0.122014	0	0.318056	-32.2089	-38.6957	-49.4587	
0.226104	0	0.32169	-46.1279	43.2111	-34.2751	
0.248445	0	0.322471	-112.558	-18.1104	-153.749	
-0.53706	-0	0.29504	-41.397	36.6042	3.37712	
-7.53378	-0	0.0507094	-0.118681	-197.135	-7.15876	
0.33349	0	0.32544	86.3249	36.4263	85.0431	
0.747783	0	0.339908	116.066	56.4032	54.6825	
-0.0596192	-0	0.311713	6.80347	-0.104945	-90.5897	
-3.84458	-0	0.179539	-37.1066	-206.317	8.15381	
-0.42916	-0	0.298808	76.8725	-60.9083	-74.7184	
-0.189609	-0	0.307173	16.7795	52.1743	-26.2393	
-3.75215	-0	0.182767	-79.6232	-206.489	1.23389	
0.0950479	0	0.317114	-17.8967	22.8345	-35.4663	
-0.172804	-0	0.30776	-0.534959	-34.6224	17.4421	
0.361405	0	0.326415	-67.6967	41.0879	-74.5188	
0.205113	0	0.320957	45.8142	53.1054	49.4414	
0.205135	0	0.320958	89.0243	9.18358	73.4567	
0.181791	0	0.320143	-11.2193	3.1428	66.4183	
-0.0242043	-0	0.31295	-10.5056	14.3599	220.441	
-4.9166	-0	0.142103	19.357	-187.496	2.51721	
0.256352	0	0.322747	-95.0777	36.213	-100.231	
-3.91746	-0	0.176994	-9.84183	-182.33	8.55835	
-0.154254	-0	0.308408	58.1564	-31.0007	-107.469	
0.316242	0	0.324838	91.6549	71.1315	72.3174	
-0.33539	-0	0.302083	75.1695	-33.8464	-23.2761	
-0.307278	-0	0.303064	42.7338	-49.0702	-33.6237	
-4.94718	-0	0.141036	-14.7713	-215.731	-0.339164	
0.0765817	0	0.316469	81.1717	-14.8548	257.058	
-0.0433318	-0	0.312282	35.5738	0.324976	-156.092	
0.58672	0	0.334283	61.3076	83.0934	28.4929	
0.166705	0	0.319616	85.259	-17.8831	63.9582	
-0.431922	-0	0.298712	-6.4666	-78.4747	-2.76915	
-6.71903	-0	0.0791611	0.945265	-205.891	16.0152	
-0.459985	-0	0.297732	-24.1765	-69.9105	32.9301	
0.161314	0	0.319428	27.7452	-61.2563	94.3464	
-0.31132	-0	0.302923	44.8171	-58.1098	-40.6137	
-0.0348121	-0	0.312579	-20.127	12.3245	153.581	
0.439214	0	0.329132	107.396	53.3588	33.5349	
-0.331246	-0	0.302227	38.3994	-12.446	-47.0673	
-0.492517	-0	0.296596	4.16106	-67.3142	-12.3751	
0.378791	0	0.327022	32.7102	83.8981	41.0045	
0.285471	0	0.323764	3.65814	50.6399	-22.0135	
-0.317294	-0	0.302715	135.812	-57.2401	-143.35	
-0.130852	-0	0.309225	33.4347	-17.3048	25.3175	
-0.395107	-0	0.299997	-117.857	-26.902	108.424	
-0.0603657	-0	0.311687	-11.1885	-19.7397	233.72	
-0.532551	-0	0.295198	-67.915	-79.221	46.6398	
-7.34729	-0	0.0572218	11.6128	-179.985	8.75441	
0.125481	0	0.318177	2.17507	-57.427	66.0416	
-4.00588	-0	0.173906	25.5252	-220.22	-3.91491	
-0.0366433	-0	0.312515	-2.30585	-24.4214	51.631	
-2.22286	-0	0.236171	-15.5585	-158.388	7.01778	
0.306653	0	0.324503	-10.6849	77.5896	-6.30634	
-3.72884	-0	0.183581	-16.1063	-151.318	1.6653	
-0.321528	-0	0.302567	1.11942	-81.8439	-5.63388	
-4.95226	-0	0.140858	49.3622	-199.963	-0.407686	
-6.78329	-0	0.076917	7.83555	-177.991	9.77221	
-0.513528	-0	0.295862	-30.7001	-22.6241	3.511	
-6.50819	-0	0.0865236	-54.5231	-184.907	-5.57179	
0.432369	0	0.328893	-43.0534	69.4687	-16.0818	
-5.94853	-0	0.106068	49.1132	-206.005	1.55949	
-0.185208	-0	0.307327	56.2106	35.6185	-50.7425	
-0.399402	-0	0.299847	-74.0534	-56.9514	54.4685	
0.201618	0	0.320835	9.55112	78.467	-16.7027	
-0.23667	-0	0.30553	-9.63064	-72.1304	20.4756	
0.37963	0	0.327052	73.5147	71.8848	71.6456	
0.434155	0	0.328956	21.2581	100.84	7.54002	
0.511764	0	0.331666	81.2962	88.4305	47.1128	
0.58933	0	0.334375	73.5679	51.4833	43.5948	
-5.36802	-0	0.12634	-0.567646	-166.902	15.462	
-5.72675	-0	0.113812	3.38547	-169.713	-6.23469	
-0.162037	-0	0.308136	-25.5502	10.3446	100.939	
-0.108856	-0	0.309993	-9.89321	-27.6771	124.932	
0.45836	0	0.329801	56.0318	41.6171	24.1347	
-0.394339	-0	0.300024	45.2339	-39.525	-37.888	
-3.93035	-0	0.176544	-35.9238	-197.382	-6.24502	
-3.95765	-0	0.17559	-82.0628	-168.98	-12.2511	
-2.75883	-0	0.217454	27.9578	-189.246	-17.1107	
0.600325	0	0.334759	17.5905	69.3004	13.7185	
0.468969	0	0.330172	55.7852	80.565	61.3504	
0.285181	0	0.323753	-78.7984	71.6679	-44.4341	
-0.117448	-0	0.309693	14.7949	-26.8663	-122.093	
0.341413	0	0.325717	32.6884	66.7334	27.5601	
0.237569	0	0.322091	40.7133	-39.6013	24.6325	
-3.81986	-0	0.180402	-4.65282	-193.842	-8.42772	
-0.209461	-0	0.30648	-9.2612	-58.2391	3.96369	
-0.181274	-0	0.307465	-66.0658	-62.7654	67.8106	
-0.176026	-0	0.307648	31.4311	28.3581	-38.088	
-4.69464	-0	0.149854	44.0163	-183.347	8.23804	
0.245358	0	0.322363	-43.109	52.0149	-71.0789	
0.232217	0	0.321904	2.65538	57.7207	8.0513	
-6.8009	-0	0.0763021	-29.385	-195.606	6.88284	
-0.45438	-0	0.297927	78.3846	-73.2487	-36.3048	
-0.0867754	-0	0.310764	-0.543271	-9.64201	99.7637	
-0.674658	-0	0.290235	57.1785	-14.5451	-4.61362	
0.268791	0	0.323181	-66.3865	74.8353	-44.0635	
-0.390281	-0	0.300166	-77.901	-69.7809	46.9504	
-3.32579	-0	0.197656	12.605	-175.938	9.54679	
-3.23998	-0	0.200652	-56.6089	-134.383	19.9323	
-6.07501	-0	0.101651	-17.7553	-182.574	-3.88636	
0.109141	0	0.317606	20.1353	-44.2645	124.063	
-0.474358	-0	0.29723	-11.6585	-62.2299	-15.0098	
0.0461407	0	0.315406	-6.05757	14.1126	-85.4166	
0.252402	0	0.322609	-5.14273	37.2846	-59.2337	
-0.45313	-0	0.297971	139.914	-54.9775	-110.04	
-7.5206	-0	0.0511695	3.72608	-214.44	-3.61648	
-4.57723	-0	0.153954	-35.9738	-176.765	-8.14432	
-4.05373	-0	0.172236	18.1268	-224.054	-4.15758	
0.364183	0	0.326512	13.6177	64.6143	-2.94339	
-0.218587	-0	0.306162	-50.8721	-79.6305	42.6314	
-6.28214	-0	0.0944175	39.3423	-185.364	12.4353	
0.576924	0	0.333941	123.52	81.4018	83.2886	
-0.115063	-0	0.309777	-35.1129	27.7699	143.348	
-3.58399	-0	0.188639	15.5702	-201.735	-4.12091	
-0.20852	-0	0.306513	-89.2602	-58.2408	96.8523	
-5.43958	-0	0.12384	-54.2971	-184.309	-9.08393	
0.460636	0	0.329881	-5.35148	76.0164	-0.345052	
0.577746	0	0.33397	-53.3737	41.1256	-15.5913	
-0.173026	-0	0.307753	-95.6982	-15.3363	162.57	
0.100569	0	0.317307	25.1494	25.4512	86.1138	
-0.382648	-0	0.300432	83.3578	-88.3613	-57.9701	
-0.224258	-0	0.305963	70.7714	-33.7455	-168.876	
-0.285453	-0	0.303827	-70.324	-52.5046	52.269	
0.4093	0	0.328088	67.4806	92.4396	64.7123	
0.265945	0	0.323082	36.1811	-13.8537	1.1289	
0.262102	0	0.322948	16.9236	39.3323	34.7586	
-5.33825	-0	0.127379	5.33079	-191.914	-4.34104	
-0.411955	-0	0.299409	22.2928	-88.3646	-13.6895	
-4.99454	-0	0.139382	6.01954	-222.062	2.3976	
-0.529235	-0	0.295313	-9.01769	-68.6844	22.7861	
-6.81266	-0	0.0758915	-71.8452	-178.001	-13.8499	
26.0184	0	1.22238	9.5709	277.561	4.99859	
-7.08659	-0	0.0663254	34.3505	-227.595	4.80694	
0.129297	0	0.31831	68.1247	4.08497	128.488	
-0.139078	-0	0.308938	19.4449	-36.4313	-1.92708	
-0.500514	-0	0.296316	-69.1104	-78.0554	45.9434	
-0.222249	-0	0.306034	-69.0172	-46.7945	52.8825	
0.149112	0	0.319002	17.9132	41.5955	64.459	
-5.86507	-0	0.108982	-23.4848	-205.183	9.15815	
-0.283202	-0	0.303905	-13.4815	-68.5131	6.87685	
-0.0877554	-0	0.31073	6.43294	-37.6901	8.61966	
-5.91176	-0	0.107352	-3.98073	-202.198	7.0734	
0.28663	0	0.323804	-34.5087	64.4139	-37.4523	
0.126803	0	0.318223	-43.1497	48.97	-111.951	
-5.01524	-0	0.138659	-9.19783	-188.089	11.3636	
-6.17334	-0	0.0982169	-31.7871	-197.304	12.3664	
-0.240036	-0	0.305413	-22.6326	-72.4524	48.8758	
-0.176842	-0	0.307619	71.9887	50.8963	-159.701	
0.0471316	0	0.315441	-32.9126	-6.15639	-200.153	
-0.22985	-0	0.305768	-8.04159	39.8093	12.678	
-5.79576	-0	0.111402	35.8982	-167.777	0.76384	
0.398915	0	0.327725	-38.1666	2.57453	12.374	
-0.242508	-0	0.305326	-23.8527	-41.4334	-28.9273	
-0.37619	-0	0.300658	43.2791	-38.9868	-26.3987	
-0.0124716	-0	0.313359	-20.5466	24.2026	48.8493	
0.155384	0	0.319221	-38.9861	25.1394	-27.1828	
-0.0743534	-0	0.311198	-3.24288	18.1959	-9.05948	
-0.187599	-0	0.307244	-100.728	-64.5108	142.174	
0.540916	0	0.332684	54.5721	62.786	25.9604	
-4.64989	-0	0.151417	-34.6288	-208.783	-0.756258	
-4.62994	-0	0.152114	9.10888	-174.608	-3.64066	
0.217791	0	0.3214	-31.2167	46.8217	-88.5014	
-5.50097	-0	0.121697	-55.2388	-172.325	-7.38291	
0.217108	0	0.321376	22.9309	41.3415	13.8187	
-0.151638	-0	0.308499	-101.23	-70.5993	188.352	
-0.186146	-0	0.307294	1.84307	-65.6326	10.1423	
-0.128493	-0	0.309308	-20.4652	-47.7121	-31.2611	
-6.48871	-0	0.0872039	16.613	-203.538	9.31466	
-5.61214	-0	0.117815	40.0891	-191.781	-7.36413	
0.227252	0	0.321731	-43.2632	84.1285	-33.21	
0.272061	0	0.323295	65.5813	37.9699	28.1842	
-0.178179	-0	0.307573	3.15845	-69.385	-32.2034	
0.295133	0	0.324101	-16.0876	21.765	2.41092	
0.288036	0	0.323853	-55.8562	38.7712	-46.6554	
0.649264	0	0.336468	6.71582	56.5129	13.8704	
-6.35147	-0	0.0919966	11.6894	-214.37	-10.6227	
0.479297	0	0.330532	119.423	58.6498	71.5501	
0.401555	0	0.327817	23.5495	78.3058	19.026	
-0.139409	-0	0.308927	-14.2336	41.6156	17.7765	
-3.1472	-0	0.203892	6.83534	-226.359	17.1251	
0.106635	0	0.317519	3.52882	49.4315	-61.3792	
-0.32039	-0	0.302606	95.5128	-84.9768	-69.0528	
0.0314609	0	0.314893	-20.2248	12.8684	-143.1	
-6.10653	-0	0.10055	-2.00469	-180.972	10.3627	
-0.210212	-0	0.306454	105.991	-42.4365	-126.28	
-0.454318	-0	0.29793	170.598	-17.8891	-158.987	
0.377113	0	0.326964	15.3676	-1.37044	32.7725	
0.298935	0	0.324234	77.4265	77.22	97.7202	
-5.08668	-0	0.136164	-1.02715	-195.068	-10.0537	
-2.03245	-0	0.24282	-38.5896	-184.8	11.8578	
-0.175184	-0	0.307677	-15.9733	-72.8315	77.7679	
-6.37309	-0	0.0912416	-0.790381	-230.466	13.1029	
0.454246	0	0.329657	42.6161	81.5997	42.9636	
-4.49248	-0	0.156914	31.3699	-194.025	3.90062	
-0.263277	-0	0.304601	14.768	-93.9402	-16.6164	
0.145348	0	0.31887	68.726	-21.7722	69.4419	
-0.279217	-0	0.304044	49.2374	-47.3476	-105.23	
-7.38631	-0	0.0558592	2.73214	-206.31	-0.392943	
0.295471	0	0.324113	-14.9487	72.3207	-33.3385	
0.115109	0	0.317814	20.1197	24.8049	10.1967	
-0.50399	-0	0.296195	16.9992	-14.2416	-23.6044	
12.2052	0	0.74001	-25.5242	272.877	-0.285786	
-0.216633	-0	0.30623	5.5312	-85.11	-0.377409	
-4.40242	-0	0.160059	22.8966	-211.924	16.2489	
-0.0991509	-0	0.310332	-111.645	-13.2763	253.382	
-3.8742	-0	0.178505	-29.7644	-178.404	3.42653	
-0.195683	-0	0.306961	10.2891	-46.4337	39.7214	
-5.3126	-0	0.128275	10.8863	-205.374	-13.7556	
0.28119	0	0.323614	10.328	50.0063	48.254	
-4.49646	-0	0.156775	-7.01736	-190.456	1.60261	
-2.41169	-0	0.229577	4.99318	-210.985	3.16949	
-0.0368775	-0	0.312507	21.8548	-21.0467	-78.1225	
-0.233907	-0	0.305627	-93.2423	-86.2454	107.776	
0.17339	0	0.31985	-29.4102	-14.322	-34.0826	
-0.306153	-0	0.303104	-111.223	-66.21	113.031	
-6.30355	-0	0.0936699	-20.5241	-234.076	-8.10822	
-0.162038	-0	0.308136	-52.8284	-52.7717	25.6691	
0.358286	0	0.326306	57.8957	27.4878	55.6871	
-5.96331	-0	0.105551	0.749042	-198.236	-5.43029	
0.113703	0	0.317765	-17.2825	33.0923	-46.2768	
-4.32552	-0	0.162744	4.126	-156.754	6.59811	
-4.86833	-0	0.143789	7.83536	-204.92	10.2909	
-0.547687	-0	0.294669	-3.83243	-67.6548	-5.87026	
-0.227941	-0	0.305835	-1.46275	28.6728	30.3355	
0.398346	0	0.327705	76.6028	14.5524	60.9802	
-3.41782	-0	0.194442	38.9877	-186.841	2.77263	
-4.38337	-0	0.160724	-23.5517	-209.957	-8.57896	
-0.0615862	-0	0.311644	10.3951	59.7561	38.0236	
-0.323285	-0	0.302505	7.59206	26.3075	-13.6632	
0.438163	0	0.329096	-85.6112	80.6063	-68.4395	
-0.41802	-0	0.299197	-42.2596	-87.6979	13.6679	
-0.398205	-0	0.299889	-26.5977	-77.4284	12.3216	
-0.0600173	-0	0.311699	-17.3707	3.55291	77.6681	
0.223368	0	0.321595	-81.5728	58.1166	-69.8755	
-2.41664	-0	0.229404	-55.9947	-185.666	-3.61407	
-0.0519643	-0	0.31198	-16.1275	-36.4937	34.27	
0.144782	0	0.318851	-10.9962	-26.1439	-24.6999	
-5.0162	-0	0.138625	46.0031	-176.988	0.927236	
0.46204	0	0.32993	-89.5954	61.7138	-31.5599	
-3.60608	-0	0.187868	24.9162	-203.013	21.623	
-0.577383	-0	0.293632	-13.5198	-59.9247	32.8627	
-0.274951	-0	0.304193	17.3938	-87.4204	-15.4906	
0.306437	0	0.324496	-132.6	-59.2995	-147.981	
0.175227	0	0.319914	2.73963	49.988	-11.426	
-2.91988	-0	0.21183	-21.0381	-194.117	-14.8296	
-0.277407	-0	0.304107	-20.7465	-51.0639	57.6506	
-3.5056	-0	0.191377	32.3077	-182.959	1.78826	
-0.506516	-0	0.296107	34.4258	-73.1474	-32.0152	
-5.24545	-0	0.13062	-14.4515	-144.448	-8.33514	
0.149808	0	0.319026	-26.8338	-5.26855	-138.18	
-4.97345	-0	0.140118	2.81321	-159.714	-3.62978	
-0.551144	-0	0.294548	-126.166	-78.9739	67.0933	
-4.15639	-0	0.16865	-38.7592	-194.212	1.37119	
0.304862	0	0.324441	11.1277	78.5304	29.0015	
-0.420529	-0	0.29911	16.5506	-60.4025	-6.90479	
-0.10416	-0	0.310157	37.9522	-15.4933	-138.675	
-0.288407	-0	0.303723	-16.9749	-86.8157	-0.484108	
0.415275	0	0.328296	32.045	91.6702	28.8052	
-4.25296	-0	0.165278	-21.8629	-161.819	-12.708	
0.424182	0	0.328608	18.2499	76.2443	-13.496	
0.232971	0	0.32193	53.517	69.0213	77.8898	
0.538561	0	0.332602	90.4314	3.02175	83.4124	
-0.211353	-0	0.306414	-94.5869	-59.5793	71.0815	
-0.281106	-0	0.303978	-118.868	-84.598	119.855	
-4.37111	-0	0.161152	-3.09219	-194.134	-1.83155	
0.265898	0	0.32308	-43.8648	91.3621	-55.0508	
-0.13385	-0	0.309121	-11.4956	-22.6745	101.382	
-5.58146	-0	0.118886	30.9307	-210.443	4.1046	
-0.123852	-0	0.30947	69.6133	-11.1607	-173.846	
-0.107423	-0	0.310043	55.772	35.608	-118.743	
0.147871	0	0.318959	46.0705	76.2166	46.2332	
-0.177211	-0	0.307606	-88.3701	-66.3756	143.315	
0.234739	0	0.321992	68.9168	2.30375	71.787	
