10 15
3.46006	0.192967	3.14159	5.58868	2.68903	191	
0.458291	0.329799	0	-110.2	-85.1638	54.3464	
6.6829	0.0804227	3.14159	-28.6362	11.7547	158.573	
0.479612	0.297046	3.14159	-54.0508	-28.2913	81.003	
5.99038	0.104606	3.14159	-17.0058	5.72694	195.689	
3.75171	0.182782	3.14159	-25.1427	-7.74271	190.949	
0.148199	0.30862	3.14159	-28.912	-35.8367	11.213	
3.98901	0.174496	3.14159	26.9814	2.698	184.861	
4.46417	0.157902	3.14159	-8.95317	-3.87691	199.366	
0.0327582	0.314939	0	49.5053	46.3061	19.3987	
4.87436	0.143578	3.14159	15.9958	-0.510907	156.448	
5.82465	0.110393	3.14159	6.94011	3.635	172.924	
0.192047	0.320501	0	25.2037	38.4827	57.6247	
0.336345	0.302049	3.14159	41.2122	42.778	85.3828	
5.98673	0.104734	3.14159	27.7578	-1.91665	165.585	
0.372656	0.300781	3.14159	31.4545	46.1224	82.923	
0.259865	0.30472	3.14159	38.7534	68.6375	-12.7502	
0.355543	0.301379	3.14159	-42.9958	-20.9187	69.0411	
0.371767	0.326777	0	10.976	34.8566	67.6388	
5.53757	0.120418	3.14159	-4.25094	2.33562	187.355	
0.0930487	0.310545	3.14159	9.37073	-46.9021	9.12352	
3.76609	0.18228	3.14159	11.2202	-10.0692	165.656	
0.605862	0.334952	0	0.555818	-2.91885	76.4501	
3.79409	0.181302	3.14159	2.02667	4.59494	184.117	
0.115125	0.309775	3.14159	15.2719	-12.6484	74.4324	
0.173338	0.307742	3.14159	-54.0011	-68.7232	54.4379	
5.55438	0.119831	3.14159	68.7199	2.94572	164.499	
0.0367266	0.315077	0	-46.4402	-103.566	6.21874	
0.237197	0.305512	3.14159	-24.7936	-14.121	25.9049	
6.46083	0.0881774	3.14159	-3.64656	-7.41442	240.948	
0.174462	0.307702	3.14159	67.4213	113.684	56.3711	
0.342291	0.301842	3.14159	-85.5934	-71.8754	69.5798	
0.301604	0.324327	0	-143.171	-206.163	-16.872	
0.185245	0.307326	3.14159	83.3445	156.192	-71.9903	
3.97702	0.174914	3.14159	-9.04986	-1.8913	185.404	
0.275471	0.304175	3.14159	-60.0128	-97.6692	71.8967	
5.88588	0.108255	3.14159	-29.8658	4.55571	187.133	
3.26866	0.19965	3.14159	-38.1496	7.24341	157.118	
0.176976	0.319975	0	-53.6684	-91.0222	67.0407	
6.5627	0.0846202	3.14159	49.1599	-1.22071	169.329	
3.25794	0.200025	3.14159	6.15019	-0.32543	189.432	
0.259461	0.304734	3.14159	8.68536	8.79554	106.376	
0.125198	0.309423	3.14159	-75.7279	-173.889	47.7849	
0.0697784	0.316231	0	-7.32612	-184.663	29.265	
0.117164	0.317886	0	-58.9153	-66.6623	-12.5088	
0.162285	0.308128	3.14159	-7.54171	14.407	53.865	
0.322053	0.325041	0	-97.4068	-113.487	16.4278	
6.74615	0.0782141	3.14159	5.59316	7.70161	191.364	
0.125305	0.309419	3.14159	-10.7265	14.7489	27.2164	
0.233481	0.305641	3.14159	118.072	119.403	-20.3002	
3.75966	0.182504	3.14159	15.2973	20.0198	182.713	
0.200729	0.306785	3.14159	-44.1823	-98.3024	18.7899	
3.868	0.178721	3.14159	-25.3634	-8.3118	206.08	
6.20918	0.0969655	3.14159	-6.78382	0.822924	199.617	
0.302893	0.324372	0	-64.9816	-31.1251	-13.2548	
0.308354	0.324563	0	36.4684	35.629	71.7366	
0.188955	0.320393	0	-12.3844	-63.5194	6.7042	
0.563916	0.294102	3.14159	-122.045	-80.1054	-5.53054	
4.96464	0.140426	3.14159	-41.2394	10.7468	212.789	
6.08126	0.101433	3.14159	49.0517	-0.395204	177.773	
0.276334	0.323445	0	-59.521	-30.0396	59.5123	
3.13109	0.204455	3.14159	-25.068	-0.282018	168.366	
0.372922	0.326817	0	-128.407	-75.5408	66.5282	
0.0767565	0.311114	3.14159	-36.2314	-94.3694	-16.522	
0.360927	0.326399	0	-9.93074	-17.8249	78.464	
0.0919313	0.317005	0	56.1355	178.75	41.7506	
0.149656	0.319021	0	45.2852	82.3864	47.9166	
0.087255	0.310748	3.14159	-34.2804	-124.527	29.3826	
4.9326	0.141545	3.14159	-37.7984	-5.09053	194.348	
0.113008	0.309848	3.14159	61.6519	25.1678	-20.3041	
2.20951	0.236637	3.14159	4.13128	10.9361	179.316	
4.56602	0.154346	3.14159	1.4639	0.245577	189.237	
4.74843	0.147976	3.14159	41.2061	-4.24204	161.701	
3.754	0.182702	3.14159	4.44578	-10.9771	166.965	
0.271022	0.30433	3.14159	42.202	54.1018	85.4995	
4.22642	0.166205	3.14159	4.8668	3.20717	191.708	
0.628926	0.335757	0	-55.7558	-42.4694	55.8007	
6.98383	0.0699141	3.14159	-40.7862	9.14342	209.146	
0.609528	0.33508	0	-54.1553	-28.8769	58.9581	
0.122707	0.31808	0	25.7738	1.05743	0.140732	
5.02054	0.138474	3.14159	-23.9993	-3.18515	169.203	
0.250875	0.322556	0	60.5684	72.6537	-41.9729	
0.512066	0.295913	3.14159	-15.118	-22.0107	80.7195	
6.96756	0.0704821	3.14159	44.8816	-5.14674	195.278	
0.288192	0.323859	0	-23.1765	-1.0499	-24.2239	
0.436103	0.298566	3.14159	205.029	159.265	24.287	
7.03956	0.067968	3.14159	-3.79121	1.7485	215.042	
0.201442	0.320829	0	7.7854	38.5993	-0.390227	
0.317717	0.3027	3.14159	26.8458	44.6368	30.2304	
0.311647	0.324678	0	69.4069	20.5342	59.9079	
0.285011	0.303842	3.14159	-48.0001	-46.9351	-39.9784	
2.86297	0.213818	3.14159	-16.8489	-7.77975	156.696	
0.377295	0.32697	0	-15.8505	-10.995	86.8928	
0.47072	0.330233	0	44.9449	10.7478	41.8337	
0.0797015	0.311012	3.14159	-38.9228	-94.9629	-18.0423	
0.0278813	0.312821	3.14159	20.4215	-8.53674	-0.694685	
4.24071	0.165706	3.14159	-10.4625	0.238273	153.384	
4.89444	0.142877	3.14159	-29.5401	-0.951073	162.018	
2.75738	0.217505	3.14159	-0.0993863	-0.345226	212.713	
0.23998	0.322175	0	-53.553	-45.9971	74.4437	
0.302043	0.324342	0	8.45712	12.371	81.0439	
4.8406	0.144757	3.14159	-2.01022	3.08738	184.797	
0.394366	0.327566	0	4.51635	-1.47663	79.0251	
0.270637	0.323246	0	-27.4791	7.46742	69.7167	
0.26579	0.323076	0	-50.6538	-53.5366	-49.7912	
3.32796	0.19758	3.14159	14.3468	3.57698	174.472	
0.292754	0.324018	0	138.784	148.542	52.3781	
0.710091	0.338592	0	-91.6335	-33.7071	55.9	
0.116722	0.309719	3.14159	-3.82997	-103.892	-7.66298	
0.290914	0.303636	3.14159	-91.6094	-83.8359	62.1294	
0.0834169	0.310882	3.14159	23.599	28.0907	42.3579	
0.151049	0.31907	0	24.578	-5.78292	10.3492	
3.86942	0.178672	3.14159	30.7932	8.52679	204.837	
0.387024	0.32731	0	42.2649	34.6681	38.1058	
0.254578	0.322685	0	32.7905	31.4116	29.8668	
0.361016	0.301188	3.14159	68.0914	76.9106	16.844	
0.406715	0.299592	3.14159	45.4122	26.7683	69.9082	
0.522752	0.33205	0	-13.5284	5.44626	79.9131	
5.44272	0.123731	3.14159	76.4708	-1.69864	184.516	
0.0299056	0.314839	0	-21.8263	-131.623	5.81293	
3.41388	0.19458	3.14159	9.36316	0.468008	147.723	
5.01704	0.138596	3.14159	-57.0619	-4.66272	203.934	
0.501151	0.296294	3.14159	92.0213	46.5479	79.812	
0.138522	0.318632	0	-20.9324	18.2789	-13.0043	
0.25934	0.304738	3.14159	33.4932	62.4945	70.9655	
4.15896	0.168561	3.14159	63.9774	13.5578	171.058	
0.259015	0.32284	0	76.7269	104.483	5.92078	
0.298198	0.303381	3.14159	-88.766	-59.2529	54.2206	
0.41602	0.299267	3.14159	-27.1989	-30.951	91.0104	
0.305372	0.303131	3.14159	-32.4212	-31.4709	66.0184	
0.330477	0.325335	0	-104.839	-85.4394	43.5118	
5.60463	0.118077	3.14159	6.28633	13.5869	178.237	
0.164135	0.308063	3.14159	-14.822	-10.3968	55.8591	
0.289754	0.323913	0	-25.0226	0.577889	45.021	
0.183549	0.307385	3.14159	25.8877	68.8616	59.3962	
4.45867	0.158094	3.14159	-28.9296	-0.747403	168.964	
0.560578	0.294219	3.14159	71.1315	25.1654	47.507	
0.185654	0.307312	3.14159	67.9849	109.416	-4.97517	
0.558576	0.333301	0	26.907	16.8943	85.9568	
0.211944	0.306394	3.14159	-48.6556	-126.271	58.25	
7.20586	0.0621607	3.14159	54.5822	2.76915	222.305	
0.303931	0.324408	0	168.195	152.191	22.2125	
0.428571	0.328761	0	-21.1967	-19.5999	52.6757	
4.08592	0.171111	3.14159	0.0425299	-2.30537	190.091	
0.177742	0.320002	0	-77.8304	-161.529	43.3904	
3.8213	0.180352	3.14159	-6.12121	9.2718	167.644	
2.62905	0.221986	3.14159	20.7517	6.04807	209.628	
5.92216	0.106989	3.14159	1.84852	0.0986325	191.93	
0.238941	0.305451	3.14159	34.3797	77.8794	39.412	
5.33843	0.127373	3.14159	-10.8209	-1.71352	180.879	
0.346589	0.301692	3.14159	30.7634	-7.11859	73.2009	
4.33552	0.162395	3.14159	-6.70883	8.63492	192.601	
0.345575	0.301727	3.14159	9.24286	50.629	38.172	
6.96557	0.0705518	3.14159	-0.0568877	3.47057	183.724	
6.17509	0.0981558	3.14159	18.4478	-10.0508	194.617	
5.57255	0.119197	3.14159	4.70936	13.6749	151.7	
0.344478	0.301765	3.14159	60.4186	37.8366	73.5785	
0.502698	0.29624	3.14159	-38.8128	-22.6346	86.1994	
0.58948	0.29321	3.14159	-122.373	-67.2227	78.0365	
3.98166	0.174752	3.14159	-18.1114	-0.91546	173.376	
0.376846	0.300635	3.14159	-59.7383	-8.55237	51.7063	
4.58841	0.153564	3.14159	40.2766	-0.156718	215.565	
5.96444	0.105512	3.14159	-20.0179	4.92195	177.47	
4.17299	0.168071	3.14159	35.2425	7.67321	233.885	
5.46884	0.122819	3.14159	33.1427	-5.64674	208.324	
0.329169	0.3023	3.14159	131.462	100.384	-42.3176	
0.39326	0.300062	3.14159	-63.9501	-41.1137	33.2966	
0.52424	0.332102	0	77.3224	58.3791	-71.2861	
0.229403	0.305784	3.14159	-9.49496	-15.4649	-0.0015302	
3.09347	0.205768	3.14159	19.5516	8.0229	171.227	
0.215389	0.321316	0	-11.4473	45.6667	16.4606	
0.0594934	0.311717	3.14159	-4.12054	105.303	-14.1487	
5.29342	0.128944	3.14159	2.10676	10.8252	179.761	
0.252687	0.304971	3.14159	96.335	82.0961	82.8829	
0.323692	0.325098	0	33.1004	86.5705	-56.1077	
0.264387	0.304562	3.14159	-8.91174	-30.5649	6.65097	
0.164303	0.319532	0	-46.0201	-72.531	30.3039	
6.28043	0.0944774	3.14159	-0.131747	1.4913	171.29	
6.17353	0.0982103	3.14159	-16.3356	-4.59253	194.169	
6.03842	0.102928	3.14159	22.4606	3.16608	152.005	
0.190709	0.320454	0	48.3241	115.609	52.2265	
0.21423	0.306314	3.14159	12.3856	-48.5244	29.2284	
7.65125	0.0466073	3.14159	-27.4049	-1.41603	171.122	
0.135481	0.318526	0	70.7846	145.055	25.5742	
0.395386	0.299988	3.14159	-19.4484	-24.9227	84.1063	
0.197706	0.306891	3.14159	-27.3033	-33.6972	65.9558	
0.0272067	0.312845	3.14159	25.0167	107.906	9.04027	
0.0958023	0.31714	0	-13.1325	14.4524	-32.4592	
2.73595	0.218253	3.14159	42.5007	-3.41396	156.194	
0.498992	0.29637	3.14159	51.6035	7.92736	79.7771	
0.332051	0.32539	0	-37.3345	-26.3969	87.9321	
0.231204	0.321869	0	-22.1327	-52.5487	49.2621	
0.569044	0.333666	0	-84.9645	-46.8079	40.9228	
0.361468	0.301172	3.14159	-11.2	24.0257	22.2967	
5.27446	0.129607	3.14159	-4.47323	12.2884	215.928	
0.387916	0.327341	0	-206.092	-157.817	90.3164	
0.421257	0.328505	0	-21.1643	-49.2579	76.5101	
5.89987	0.107767	3.14159	11.2547	5.83062	181.636	
4.9525	0.14085	3.14159	40.8906	-0.694206	153.861	
0.234894	0.321997	0	-22.5629	9.39008	67.5629	
0.347161	0.301672	3.14159	-82.4777	-116.737	44.7343	
0.149519	0.308573	3.14159	-36.6048	-54.0701	63.6982	
0.171095	0.31977	0	58.5888	126.891	66.4136	
0.198785	0.320736	0	-60.9458	-154.836	57.0096	
5.16881	0.133296	3.14159	-13.2719	7.38276	196.032	
0.579108	0.334018	0	-46.2623	-25.606	61.7825	
0.158804	0.308249	3.14159	82.79	140.779	-13.6421	
6.0655	0.101983	3.14159	30.057	-6.76768	209.857	
3.13744	0.204233	3.14159	9.76809	-11.4235	202.536	
0.280044	0.304015	3.14159	3.70639	9.57402	-22.0442	
0.356753	0.301337	3.14159	25.622	1.21485	-13.369	
5.65692	0.116251	3.14159	21.1848	4.83694	240.309	
0.381921	0.327132	0	33.9588	21.0047	91.515	
3.06623	0.20672	3.14159	0.586379	15.4763	177.143	
3.58021	0.188771	3.14159	-41.0562	5.12062	212.1	
0.231756	0.321888	0	-27.9551	-84.898	67.5902	
2.69908	0.219541	3.14159	26.1624	4.16795	146.734	
5.43165	0.124117	3.14159	28.0146	7.85896	215.935	
0.188678	0.320384	0	-99.2391	-161.027	79.6001	
0.100159	0.317292	0	0.679262	-43.7951	47.4577	
0.270962	0.304333	3.14159	30.695	29.4549	75.626	
5.20242	0.132122	3.14159	54.4261	-10.7032	176.972	
3.98419	0.174664	3.14159	-38.7769	-8.34627	175.537	
0.363666	0.326494	0	14.3982	-29.5908	-18.0866	
2.12312	0.239654	3.14159	-25.0117	-12.0518	143.466	
0.317318	0.302714	3.14159	41.5302	48.4702	69.154	
0.0580052	0.311769	3.14159	-38.3958	-146.74	31.4558	
0.122014	0.318056	0	-32.2089	-49.4587	-38.6957	
0.226104	0.32169	0	-46.1279	-34.2751	43.2111	
0.248445	0.322471	0	-112.558	-153.749	-18.1104	
0.53706	0.29504	3.14159	41.397	3.37712	-36.6042	
7.53378	0.0507094	3.14159	0.118681	-7.15876	197.135	
0.33349	0.32544	0	86.3249	85.0431	36.4263	
0.747783	0.339908	0	116.066	54.6825	56.4032	
0.0596192	0.311713	3.14159	-6.80347	-90.5897	0.104945	
3.84458	0.179539	3.14159	37.1066	8.15381	206.317	
0.42916	0.298808	3.14159	-76.8725	-74.7184	60.9083	
0.189609	0.307173	3.14159	-16.7795	-26.2393	-52.1743	
3.75215	0.182767	3.14159	79.6232	1.23389	206.489	
0.0950479	0.317114	0	-17.8967	-35.4663	22.8345	
0.172804	0.30776	3.14159	0.534959	17.4421	34.6224	
0.361405	0.326415	0	-67.6967	-74.5188	41.0879	
0.205113	0.320957	0	45.8142	49.4414	53.1054	
0.205135	0.320958	0	89.0243	73.4567	9.18358	
0.181791	0.320143	0	-11.2193	66.4183	3.1428	
0.0242043	0.31295	3.14159	10.5056	220.441	-14.3599	
4.9166	0.142103	3.14159	-19.357	2.51721	187.496	
0.256352	0.322747	0	-95.0777	-100.231	36.213	
3.91746	0.176994	3.14159	9.84183	8.55835	182.33	
0.154254	0.308408	3.14159	-58.1564	-107.469	31.0007	
0.316242	0.324838	0	91.6549	72.3174	71.1315	
0.33539	0.302083	3.14159	-75.1695	-23.2761	33.8464	
0.307278	0.303064	3.14159	-42.7338	-33.6237	49.0702	
4.94718	0.141036	3.14159	14.7713	-0.339164	215.731	
0.0765817	0.316469	0	81.1717	257.058	-14.8548	
0.0433318	0.312282	3.14159	-35.5738	-156.092	-0.324976	
0.58672	0.334283	0	61.3076	28.4929	83.0934	
0.166705	0.319616	0	85.259	63.9582	-17.8831	
0.431922	0.298712	3.14159	6.4666	-2.76915	78.4747	
6.71903	0.0791611	3.14159	-0.945265	16.0152	205.891	
0.459985	0.297732	3.14159	24.1765	32.9301	69.9105	
0.161314	0.319428	0	27.7452	94.3464	-61.2563	
0.31132	0.302923	3.14159	-44.8171	-40.6137	58.1098	
0.0348121	0.312579	3.14159	20.127	153.581	-12.3245	
0.439214	0.329132	0	107.396	33.5349	53.3588	
0.331246	0.302227	3.14159	-38.3994	-47.0673	12.446	
0.492517	0.296596	3.14159	-4.16106	-12.3751	67.3142	
0.378791	0.327022	0	32.7102	41.0045	83.8981	
0.285471	0.323764	0	3.65814	-22.0135	50.6399	
0.317294	0.302715	3.14159	-135.812	-143.35	57.2401	
0.130852	0.309225	3.14159	-33.4347	25.3175	17.3048	
0.395107	0.299997	3.14159	117.857	108.424	26.902	
0.0603657	0.311687	3.14159	11.1885	233.72	19.7397	
0.532551	0.295198	3.14159	67.915	46.6398	79.221	
7.34729	0.0572218	3.14159	-11.6128	8.75441	179.985	
0.125481	0.318177	0	2.17507	66.0416	-57.427	
4.00588	0.173906	3.14159	-25.5252	-3.91491	220.22	
0.0366433	0.312515	3.14159	2.30585	51.631	24.4214	
2.22286	0.236171	3.14159	15.5585	7.01778	158.388	
0.306653	0.324503	0	-10.6849	-6.30634	77.5896	
3.72884	0.183581	3.14159	16.1063	1.6653	151.318	
0.321528	0.302567	3.14159	-1.11942	-5.63388	81.8439	
4.95226	0.140858	3.14159	-49.3622	-0.407686	199.963	
6.78329	0.076917	3.14159	-7.83555	9.77221	177.991	
0.513528	0.295862	3.14159	30.7001	3.511	22.6241	
6.50819	0.0865236	3.14159	54.5231	-5.57179	184.907	
0.432369	0.328893	0	-43.0534	-16.0818	69.4687	
5.94853	0.106068	3.14159	-49.1132	1.55949	206.005	
0.185208	0.307327	3.14159	-56.2106	-50.7425	-35.6185	
0.399402	0.299847	3.14159	74.0534	54.4685	56.9514	
0.201618	0.320835	0	9.55112	-16.7027	78.467	
0.23667	0.30553	3.14159	9.63064	20.4756	72.1304	
0.37963	0.327052	0	73.5147	71.6456	71.8848	
0.434155	0.328956	0	21.2581	7.54002	100.84	
0.511764	0.331666	0	81.2962	47.1128	88.4305	
0.58933	0.334375	0	73.5679	43.5948	51.4833	
5.36802	0.12634	3.14159	0.567646	15.462	166.902	
5.72675	0.113812	3.14159	-3.38547	-6.23469	169.713	
0.162037	0.308136	3.14159	25.5502	100.939	-10.3446	
0.108856	0.309993	3.14159	9.89321	124.932	27.6771	
0.45836	0.329801	0	56.0318	24.1347	41.6171	
0.394339	0.300024	3.14159	-45.2339	-37.888	39.525	
3.93035	0.176544	3.14159	35.9238	-6.24502	197.382	
3.95765	0.17559	3.14159	82.0628	-12.2511	168.98	
2.75883	0.217454	3.14159	-27.9578	-17.1107	189.246	
0.600325	0.334759	0	17.5905	13.7185	69.3004	
0.468969	0.330172	0	55.7852	61.3504	80.565	
0.285181	0.323753	0	-78.7984	-44.4341	71.6679	
0.117448	0.309693	3.14159	-14.7949	-122.093	26.8663	
0.341413	0.325717	0	32.6884	27.5601	66.7334	
0.237569	0.322091	0	40.7133	24.6325	-39.6013	
3.81986	0.180402	3.14159	4.65282	-8.42772	193.842	
0.209461	0.30648	3.14159	9.2612	3.96369	58.2391	
0.181274	0.307465	3.14159	66.0658	67.8106	62.7654	
0.176026	0.307648	3.14159	-31.4311	-38.088	-28.3581	
4.69464	0.149854	3.14159	-44.0163	8.23804	183.347	
0.245358	0.322363	0	-43.109	-71.0789	52.0149	
0.232217	0.321904	0	2.65538	8.0513	57.7207	
6.8009	0.0763021	3.14159	29.385	6.88284	195.606	
0.45438	0.297927	3.14159	-78.3846	-36.3048	73.2487	
0.0867754	0.310764	3.14159	0.543271	99.7637	9.64201	
0.674658	0.290235	3.14159	-57.1785	-4.61362	14.5451	
0.268791	0.323181	0	-66.3865	-44.0635	74.8353	
0.390281	0.300166	3.14159	77.901	46.9504	69.7809	
3.32579	0.197656	3.14159	-12.605	9.54679	175.938	
3.23998	0.200652	3.14159	56.6089	19.9323	134.383	
6.07501	0.101651	3.14159	17.7553	-3.88636	182.574	
0.109141	0.317606	0	20.1353	124.063	-44.2645	
0.474358	0.29723	3.14159	11.6585	-15.0098	62.2299	
0.0461407	0.315406	0	-6.05757	-85.4166	14.1126	
0.252402	0.322609	0	-5.14273	-59.2337	37.2846	
0.45313	0.297971	3.14159	-139.914	-110.04	54.9775	
7.5206	0.0511695	3.14159	-3.72608	-3.61648	214.44	
4.57723	0.153954	3.14159	35.9738	-8.14432	176.765	
4.05373	0.172236	3.14159	-18.1268	-4.15758	224.054	
0.364183	0.326512	0	13.6177	-2.94339	64.6143	
0.218587	0.306162	3.14159	50.8721	42.6314	79.6305	
6.28214	0.0944175	3.14159	-39.3423	12.4353	185.364	
0.576924	0.333941	0	123.52	83.2886	81.4018	
0.115063	0.309777	3.14159	35.1129	143.348	-27.7699	
3.58399	0.188639	3.14159	-15.5702	-4.12091	201.735	
0.20852	0.306513	3.14159	89.2602	96.8523	58.2408	
5.43958	0.12384	3.14159	54.2971	-9.08393	184.309	
0.460636	0.329881	0	-5.35148	-0.345052	76.0164	
0.577746	0.33397	0	-53.3737	-15.5913	41.1256	
0.173026	0.307753	3.14159	95.6982	162.57	15.3363	
0.100569	0.317307	0	25.1494	86.1138	25.4512	
0.382648	0.300432	3.14159	-83.3578	-57.9701	88.3613	
0.224258	0.305963	3.14159	-70.7714	-168.876	33.7455	
0.285453	0.303827	3.14159	70.324	52.269	52.5046	
0.4093	0.328088	0	67.4806	64.7123	92.4396	
0.265945	0.323082	0	36.1811	1.1289	-13.8537	
0.262102	0.322948	0	16.9236	34.7586	39.3323	
5.33825	0.127379	3.14159	-5.33079	-4.34104	191.914	
0.411955	0.299409	3.14159	-22.2928	-13.6895	88.3646	
4.99454	0.139382	3.14159	-6.01954	2.3976	222.062	
0.529235	0.295313	3.14159	9.01769	22.7861	68.6844	
6.81266	0.0758915	3.14159	71.8452	-13.8499	178.001	
26.0184	1.22238	0	9.5709	4.99859	277.561	
7.08659	0.0663254	3.14159	-34.3505	4.80694	227.595	
0.129297	0.31831	0	68.1247	128.488	4.08497	
0.139078	0.308938	3.14159	-19.4449	-1.92708	36.4313	
0.500514	0.296316	3.14159	69.1104	45.9434	78.0554	
0.222249	0.306034	3.14159	69.0172	52.8825	46.7945	
0.149112	0.319002	0	17.9132	64.459	41.5955	
5.86507	0.108982	3.14159	23.4848	9.15815	205.183	
0.283202	0.303905	3.14159	13.4815	6.87685	68.5131	
0.0877554	0.31073	3.14159	-6.43294	8.61966	37.6901	
5.91176	0.107352	3.14159	3.98073	7.0734	202.198	
0.28663	0.323804	0	-34.5087	-37.4523	64.4139	
0.126803	0.318223	0	-43.1497	-111.951	48.97	
5.01524	0.138659	3.14159	9.19783	11.3636	188.089	
6.17334	0.0982169	3.14159	31.7871	12.3664	197.304	
0.240036	0.305413	3.14159	22.6326	48.8758	72.4524	
0.176842	0.307619	3.14159	-71.9887	-159.701	-50.8963	
0.0471316	0.315441	0	-32.9126	-200.153	-6.15639	
0.22985	0.305768	3.14159	8.04159	12.678	-39.8093	
5.79576	0.111402	3.14159	-35.8982	0.76384	167.777	
0.398915	0.327725	0	-38.1666	12.374	2.57453	
0.242508	0.305326	3.14159	23.8527	-28.9273	41.4334	
0.37619	0.300658	3.14159	-43.2791	-26.3987	38.9868	
0.0124716	0.313359	3.14159	20.5466	48.8493	-24.2026	
0.155384	0.319221	0	-38.9861	-27.1828	25.1394	
0.0743534	0.311198	3.14159	3.24288	-9.05948	-18.1959	
0.187599	0.307244	3.14159	100.728	142.174	64.5108	
0.540916	0.332684	0	54.5721	25.9604	62.786	
4.64989	0.151417	3.14159	34.6288	-0.756258	208.783	
4.62994	0.152114	3.14159	-9.10888	-3.64066	174.608	
0.217791	0.3214	0	-31.2167	-88.5014	46.8217	
5.50097	0.121697	3.14159	55.2388	-7.38291	172.325	
0.217108	0.321376	0	22.9309	13.8187	41.3415	
0.151638	0.308499	3.14159	101.23	188.352	70.5993	
0.186146	0.307294	3.14159	-1.84307	10.1423	65.6326	
0.128493	0.309308	3.14159	20.4652	-31.2611	47.7121	
6.48871	0.0872039	3.14159	-16.613	9.31466	203.538	
5.61214	0.117815	3.14159	-40.0891	-7.36413	191.781	
0.227252	0.321731	0	-43.2632	-33.21	84.1285	
0.272061	0.323295	0	65.5813	28.1842	37.9699	
0.178179	0.307573	3.14159	-3.15845	-32.2034	69.385	
0.295133	0.324101	0	-16.0876	2.41092	21.765	
0.288036	0.323853	0	-55.8562	-46.6554	38.7712	
0.649264	0.336468	0	6.71582	13.8704	56.5129	
6.35147	0.0919966	3.14159	-11.6894	-10.6227	214.37	
0.479297	0.330532	0	119.423	71.5501	58.6498	
0.401555	0.327817	0	23.5495	19.026	78.3058	
0.139409	0.308927	3.14159	14.2336	17.7765	-41.6156	
3.1472	0.203892	3.14159	-6.83534	17.1251	226.359	
0.106635	0.317519	0	3.52882	-61.3792	49.4315	
0.32039	0.302606	3.14159	-95.5128	-69.0528	84.9768	
0.0314609	0.314893	0	-20.2248	-143.1	12.8684	
6.10653	0.10055	3.14159	2.00469	10.3627	180.972	
0.210212	0.306454	3.14159	-105.991	-126.28	42.4365	
0.454318	0.29793	3.14159	-170.598	-158.987	17.8891	
0.377113	0.326964	0	15.3676	32.7725	-1.37044	
0.298935	0.324234	0	77.4265	97.7202	77.22	
5.08668	0.136164	3.14159	1.02715	-10.0537	195.068	
2.03245	0.24282	3.14159	38.5896	11.8578	184.8	
0.175184	0.307677	3.14159	15.9733	77.7679	72.8315	
6.37309	0.0912416	3.14159	0.790381	13.1029	230.466	
0.454246	0.329657	0	42.6161	42.9636	81.5997	
4.49248	0.156914	3.14159	-31.3699	3.90062	194.025	
0.263277	0.304601	3.14159	-14.768	-16.6164	93.9402	
0.145348	0.31887	0	68.726	69.4419	-21.7722	
0.279217	0.304044	3.14159	-49.2374	-105.23	47.3476	
7.38631	0.0558592	3.14159	-2.73214	-0.392943	206.31	
0.295471	0.324113	0	-14.9487	-33.3385	72.3207	
0.115109	0.317814	0	20.1197	10.1967	24.8049	
0.50399	0.296195	3.14159	-16.9992	-23.6044	14.2416	
12.2052	0.74001	0	-25.5242	-0.285786	272.877	
0.216633	0.30623	3.14159	-5.5312	-0.377409	85.11	
4.40242	0.160059	3.14159	-22.8966	16.2489	211.924	
0.0991509	0.310332	3.14159	111.645	253.382	13.2763	
3.8742	0.178505	3.14159	29.7644	3.42653	178.404	
0.195683	0.306961	3.14159	-10.2891	39.7214	46.4337	
5.3126	0.128275	3.14159	-10.8863	-13.7556	205.374	
0.28119	0.323614	0	10.328	48.254	50.0063	
4.49646	0.156775	3.14159	7.01736	1.60261	190.456	
2.41169	0.229577	3.14159	-4.99318	3.16949	210.985	
0.0368775	0.312507	3.14159	-21.8548	-78.1225	21.0467	
0.233907	0.305627	3.14159	93.2423	107.776	86.2454	
0.17339	0.31985	0	-29.4102	-34.0826	-14.322	
0.306153	0.303104	3.14159	111.223	113.031	66.21	
6.30355	0.0936699	3.14159	20.5241	-8.10822	234.076	
0.162038	0.308136	3.14159	52.8284	25.6691	52.7717	
0.358286	0.326306	0	57.8957	55.6871	27.4878	
5.96331	0.105551	3.14159	-0.749042	-5.43029	198.236	
0.113703	0.317765	0	-17.2825	-46.2768	33.0923	
4.32552	0.162744	3.14159	-4.126	6.59811	156.754	
4.86833	0.143789	3.14159	-7.83536	10.2909	204.92	
0.547687	0.294669	3.14159	3.83243	-5.87026	67.6548	
0.227941	0.305835	3.14159	1.46275	30.3355	-28.6728	
0.398346	0.327705	0	76.6028	60.9802	14.5524	
3.41782	0.194442	3.14159	-38.9877	2.77263	186.841	
4.38337	0.160724	3.14159	23.5517	-8.57896	209.957	
0.0615862	0.311644	3.14159	-10.3951	38.0236	-59.7561	
0.323285	0.302505	3.14159	-7.59206	-13.6632	-26.3075	
0.438163	0.329096	0	-85.6112	-68.4395	80.6063	
0.41802	0.299197	3.14159	42.2596	13.6679	87.6979	
0.398205	0.299889	3.14159	26.5977	12.3216	77.4284	
0.0600173	0.311699	3.14159	17.3707	77.6681	-3.55291	
0.223368	0.321595	0	-81.5728	-69.8755	58.1166	
2.41664	0.229404	3.14159	55.9947	-3.61407	185.666	
0.0519643	0.31198	3.14159	16.1275	34.27	36.4937	
0.144782	0.318851	0	-10.9962	-24.6999	-26.1439	
5.0162	0.138625	3.14159	-46.0031	0.927236	176.988	
0.46204	0.32993	0	-89.5954	-31.5599	61.7138	
3.60608	0.187868	3.14159	-24.9162	21.623	203.013	
0.577383	0.293632	3.14159	13.5198	32.8627	59.9247	
0.274951	0.304193	3.14159	-17.3938	-15.4906	87.4204	
0.306437	0.324496	0	-132.6	-147.981	-59.2995	
0.175227	0.319914	0	2.73963	-11.426	49.988	
2.91988	0.21183	3.14159	21.0381	-14.8296	194.117	
0.277407	0.304107	3.14159	20.7465	57.6506	51.0639	
3.5056	0.191377	3.14159	-32.3077	1.78826	182.959	
0.506516	0.296107	3.14159	-34.4258	-32.0152	73.1474	
5.24545	0.13062	3.14159	14.4515	-8.33514	144.448	
0.149808	0.319026	0	-26.8338	-138.18	-5.26855	
4.97345	0.140118	3.14159	-2.81321	-3.62978	159.714	
0.551144	0.294548	3.14159	126.166	67.0933	78.9739	
4.15639	0.16865	3.14159	38.7592	1.37119	194.212	
0.304862	0.324441	0	11.1277	29.0015	78.5304	
0.420529	0.29911	3.14159	-16.5506	-6.90479	60.4025	
0.10416	0.310157	3.14159	-37.9522	-138.675	15.4933	
0.288407	0.303723	3.14159	16.9749	-0.484108	86.8157	
0.415275	0.328296	0	32.045	28.8052	91.6702	
4.25296	0.165278	3.14159	21.8629	-12.708	161.819	
0.424182	0.328608	0	18.2499	-13.496	76.2443	
0.232971	0.32193	0	53.517	77.8898	69.0213	
0.538561	0.332602	0	90.4314	83.4124	3.02175	
0.211353	0.306414	3.14159	94.5869	71.0815	59.5793	
0.281106	0.303978	3.14159	118.868	119.855	84.598	
4.37111	0.161152	3.14159	3.09219	-1.83155	194.134	
0.265898	0.32308	0	-43.8648	-55.0508	91.3621	
0.13385	0.309121	3.14159	11.4956	101.382	22.6745	
5.58146	0.118886	3.14159	-30.9307	4.1046	210.443	
0.123852	0.30947	3.14159	-69.6133	-173.846	11.1607	
0.107423	0.310043	3.14159	-55.772	-118.743	-35.608	
0.147871	0.318959	0	46.0705	46.2332	76.2166	
0.177211	0.307606	3.14159	88.3701	143.315	66.3756	
0.234739	0.321992	0	68.9168	71.787	2.30375	
