13.5323
14.9969
11.4549
14.1233
12.2801
12.9662
13.7602
13.2474
14.8859
12.9968
14.226
12.7029
13.9727
13.4906
14.5847
13.6018
14.5966
12.0949
12.6899
13.444
10.1878
12.5877
11.7481
10.6983
14.8217
11.5859
13.8489
13.9172
13.2617
13.5076
14.5058
11.4873
14.4991
13.592
12.1698
13.5305
10.4685
13.4469
12.5107
13.6774
14.2051
13.5479
10.9981
13.6611
14.436
14.2051
13.8701
14.0616
14.9884
13.4423
14.2796
13.133
12.1736
13.7766
10.7348
14.5768
14.6585
14.2705
14.7312
14.749
11.2806
14.1357
13.6068
14.3094
13.1083
13.5047
11.3443
12.5317
13.592
11.7792
10.6653
14.6471
13.9871
14.528
11.9173
14.6756
14.0573
11.0997
14.9104
14.1995
14.081
14.955
13.9754
13.7379
13.9373
14.7073
13.5302
11.7938
11.6925
14.727
12.4697
10.2371
10.034
14.7063
14.7064
14.7891
14.4441
13.3398
11.841
12.7064
13.485
12.9303
14.5704
12.2697
10.5005
14.7694
14.4491
12.8987
13.961
14.0852
14.7747
12.3867
10.7366
14.9617
14.6138
10.8905
13.2645
14.6761
13.6284
12.9361
12.2477
14.9889
13.4003
14.3206
12.1254
12.7002
12.7378
14.9334
11.361
10.6729
12.5623
13.9053
14.8184
12.8
12.0888
14.2299
12.2954
14.6437
12.2875
13.1035
14.9877
13.3658
14.6244
12.9669
12.1779
11.5991
14.636
14.6342
12.6274
12.2141
14.7719
14.086
14.4271
12.6705
11.5974
11.275
14.9982
14.35
13.978
13.8403
13.7705
13.6176
11.0627
12.8355
13.8811
13.7917
14.1504
10.9371
12.6861
10.9112
14.8136
12.3644
13.1959
12.796
14.7543
12.9444
12.326
14.7676
14.5612
12.6453
14.5942
14.3548
14.5796
13.3517
14.0205
14.0198
13.8053
13.2533
14.6016
13.9959
12.7071
14.3338
12.6809
14.2624
14.4194
13.9717
14.4291
13.051
12.6503
12.661
12.1882
12.7332
13.306
14.5585
14.7779
14.8855
14.6769
14.1129
11.9377
14.5764
14.1064
14.3692
14.3941
14.3462
14.9197
14.4199
14.8375
14.8242
14.962
13.5247
11.7775
12.1846
14.8023
12.1463
14.7319
12.6309
12.5968
13.7913
12.8221
14.3698
13.4867
11.6943
12.2296
14.7323
14.0851
13.9494
11.8718
11.2372
12.0902
14.5501
14.9429
14.4287
14.5261
11.8529
13.1874
14.8057
14.8985
14.0682
13.2687
13.2633
11.2467
11.387
13.4112
12.3306
14.0361
10.5002
11.3198
14.7844
14.7068
13.8172
14.4953
14.0344
13.4928
14.956
12.5851
14.6896
12.6143
12.695
14.2377
13.9188
13.3784
11.571
14.2292
14.4835
13.8224
11.5011
14.8381
14.4645
12.8188
12.2696
14.7375
13.206
14.6491
14.4965
12.9346
13.0212
13.6634
12.149
12.436
14.8394
13.9109
12.6363
14.3029
13.7689
13.2171
13.9128
13.1249
12.9639
10.7371
11.3931
14.0093
13.7677
14.2558
13.2638
12.5126
13.2177
13.1671
12.1958
14.797
13.0981
12.3317
14.4127
12.3795
14.4681
13.4312
14.0213
13.6059
13.6627
13.3222
14.4596
14.6403
13.5395
13.0935
14.7941
10.9304
14.5974
14.2554
13.4915
11.4743
10.3018
14.2055
14.6077
14.7386
10.5773
11.463
13.1426
11.1619
12.3769
14.9878
12.8406
14.7251
14.7958
13.0009
14.0586
14.8009
13.5695
11.2187
13.4319
14.3394
12.9541
14.7865
14.3894
13.4635
14.6306
14.6241
13.4149
14.8642
13.923
14.9035
12.8457
14.6026
12.7524
10.6579
14.9016
14.4926
12.9241
13.5508
13.592
14.514
13.6206
14.8524
13.3495
13.6479
13.4345
14.2282
12.8296
14.7892
13.1891
10.5099
14.6578
11.3899
10.6442
10.6442
13.6195
14.9336
13.6512
14.9374
14.922
14.9666
14.1778
14.1551
14.6352
13.4328
13.2553
13.9801
14.4218
10.9414
14.2679
14.5271
14.221
14.8895
14.1248
13.7259
13.5141
11.3901
14.4219
12.249
13.2739
13.436
11.5879
10.3009
12.8539
12.3139
13.5006
12.1095
14.2137
12.5282
13.5318
13.498
14.262
14.4968
11.2065
13.4855
13.5397
13.3773
14.2079
13.5467
14.1465
14.6686
12.8399
13.6298
10.8541
13.8151
14.6654
14.6875
14.9822
14.1326
14.0293
11.2601
14.6554
14.0277
14.265
10.2599
14.6361
13.7338
14.5199
11.7112
12.458
12.6016
14.8267
14.1341
13.77
14.0193
13.6935
12.1886
13.4686
14.3753
14.7601
14.2833
14.9605
14.9234
14.5229
12.5959
13.1762
12.5781
13.7331
11.8303
14.7935
14.5208
13.6889
14.6556
13.8434
14.8544
13.921
13.6964
14.6283
13.9786
14.2278
14.1241
12.9525
13.9382
14.0283
12.6779
13.0204
14.6744
12.385
14.5828
12.0393
13.0932
12.5975
14.847
12.7291
12.3746
14.9059
14.1644
11.3252
12.5537
11.8321
14.2326
14.6214
14.6476
14.4045
13.6251
14.0092
13.3543
13.7019
10.0962
14.9366
14.0996
13.4306
14.5977
12.8977
13.6206
13.8815
14.2143
13.6686
13.9339
12.0255
14.4216
13.2154
14.4148
12.1554
13.1615
11.266
12.6021
14.703
13.693
11.5559
13.1262
12.8517
11.6082
11.0287
11.8754
14.9734
11.1628
11.5679
10.6442
13.2569
12.6202
13.2412
13.2606
14.1521
13.8063
14.7015
10.5265
11.8056
13.6272
12.7004
11.0783
14.816
14.0196
12.8781
14.1744
14.4556
12.5397
14.8153
14.3794
13.9247
14.5589
10.9693
14.9972
14.3578
14.749
14.9401
14.4065
11.8042
14.8176
14.0211
13.9672
14.925
14.5955
13.1887
13.0976
14.2627
12.0163
13.1329
10.799
14.8593
13.5174
12.6234
10.6479
13.0446
11.9069
14.6864
12.567
12.5682
12.3652
14.1328
11.902
12.3157
12.0859
14.2011
11.9325
13.8724
14.9489
14.2102
12.4167
13.5297
12.1074
14.344
13.6077
14.5774
14.9846
10.7727
13.9519
13.1815
12.9568
14.7749
12.7007
11.7329
14.663
14.8988
14.5788
12.3693
14.5283
14.8028
14.2766
12.8635
13.7926
14.1309
14.1631
14.796
13.5575
13.7249
14.9585
12.4778
12.9898
11.6795
12.3929
13.9404
12.4649
14.0482
11.6256
14.3981
10.8701
14.7284
10.5234
10.1428
14.3323
12.846
14.6384
13.3166
14.7098
12.5918
11.777
14.9907
12.8703
12.1719
14.784
14.6653
12.2942
14.7132
12.0549
13.033
14.7467
14.9849
13.6661
12.1553
13.4778
12.5901
14.3718
13.0972
11.181
13.1171
14.9506
14.9253
13.9327
14.9136
12.9253
14.628
14.4765
13.71
14.9378
11.031
14.1329
10.8098
12.2195
14.5348
14.2222
14.0518
13.3975
14.7453
13.8462
10.512
13.1155
12.3237
11.8543
14.8721
14.7031
14.4416
14.6791
14.323
13.3088
13.6364
13.7748
14.8216
12.1285
14.7158
10.8937
12.7827
13.7292
14.2858
13.5471
11.3397
10.4109
14.584
13.8638
10.4379
13.7213
13.2337
14.9203
13.4658
14.136
10.9615
14.652
12.407
14.762
14.7382
12.5963
13.4341
13.8015
14.0073
14.3906
14.5322
11.5886
12.737
14.7825
14.1672
10.9109
10.4603
14.464
14.0847
14.0855
10.6098
13.1388
13.2289
11.8182
12.6772
11.9283
13.3472
11.6026
14.447
14.9523
14.9827
11.0367
14.2552
13.6055
11.3347
12.8149
13.9364
13.148
14.3125
14.632
13.4005
14.7641
12.9317
13.4217
13.5916
14.4481
11.2663
13.8471
14.5519
12.6544
11.1857
14.3297
14.7539
13.2713
10.5413
14.6908
14.0059
14.8348
14.4359
14.597
14.1541
13.3196
14.9586
14.2892
13.891
14.8993
14.823
12.9807
14.6337
13.6702
14.459
11.5004
12.2472
13.6908
11.129
14.9027
12.2739
13.2455
14.7893
13.597
13.9254
14.3047
13.5061
13.0767
12.9832
13.6625
13.9911
14.8497
13.3201
12.4572
14.4208
10.8923
13.901
14.7074
11.7706
13.7588
14.6673
11.6049
13.8386
12.9303
13.8363
14.2618
12.2241
14.3787
14.5784
13.3975
13.7057
10.9267
14.2454
11.5713
13.7017
13.3187
13.288
11.317
13.923
11.9153
14.5719
14.5004
10.7236
13.067
12.323
11.7786
14.1679
13.2733
14.9918
12.2255
11.3676
11.9709
13.8168
14.8791
12.8843
14.31
10.3534
10.1069
14.2353
14.8997
14.4041
14.7169
12.544
14.1811
13.4694
13.5034
14.2295
13.0277
14.7845
10.5465
14.4462
13.248
14.3679
12.5018
12.8334
12.174
13.5911
12.1298
11.8788
13.7735
13.1257
14.3187
12.1837
14.7219
14.2375
14.1914
11.4146
12.2257
14.1751
12.8173
14.1137
12.2986
11.7092
14.2802
11.5971
12.6854
10.7237
13.2776
13.2168
14.8097
14.3138
13.3619
14.2097
12.078
10.3809
12.355
12.632
12.5911
13.8127
13.067
13.4885
11.6825
12.4317
11.3797
13.5789
12.5316
14.4233
14.3438
13.832
13.8788
11.9783
13.6193
14.3827
13.1351
14.8095
14.195
14.7564
13.7194
13.9784
13.5594
12.7946
11.8651
13.5645
14.8682
14.5859
13.6596
12.7771
14.4352
14.0453
12.6824
11.747
14.7463
14.7202
14.6213
13.7665
14.4324
11.3729
10.589
14.3909
13.3661
14.8967
14.5266
13.3053
13.1305
14.0804
13.8958
13.5308
13.8407
12.0632
10.7274
12.886
14.1381
10.1915
14.8413
14.4452
14.7344
14.3135
14.3542
14.2966
11.1172
12.262
13.2918
13.4077
13.3728
12.1885
14.8679
13.8799
13.4425
12.4165
12.9401
12.5964
13.7078
12.9615
13.479
13.2972
14.9132
10.653
13.4641
12.812
12.2894
11.1016
12.9741
11.8618
13.8286
12.297
11.7361
13.0159
14.7037
13.9293
14.2368
14.3121
10.6662
13.2342
11.8129
14.3188
13.7521
14.6398
14.0656
14.181
11.2598
14.9267
12.161
14.2916
13.2461
13.8903
14.2496
12.7822
11.1297
12.733
13.5653
14.1844
14.8816
12.7049
12.1389
14.6849
12.5296
11.3525
12.6291
14.5837
14.9111
13.6365
14.2066
14.6999
14.7989
14.8459
14.7565
14.2617
13.8345
13.4128
13.7607
14.7633
12.2049
14.8964
14.5089
14.9327
12.9435
13.4235
14.3627
13.7891
14.9918
14.5431
14.7828
14.4406
13.3637
11.8271
14.4043
12.594
13.0111
14.5879
14.1043
12.7018
14.1982
14.5112
13.6602
13.2859
14.3428
11.8656
14.5554
11.8085
14.0817
11.3776
14.8287
13.6032
14.3252
13.1016
13.2858
12.4964
14.7775
11.9979
14.5533
12.759
13.3619
13.8165
14.685
11.9119
12.463
12.4507
14.7103
14.9657
10.8216
14.418
13.8533
13.9378
10.8069
14.7424
12.3779
14.6125
11.6512
14.5119
13.3215
10.8863
10.9872
14.9985
13.6362
13.5318
13.7839
13.3307
14.6795
13.8325
13.1516
13.3649
14.9929
11.7454
12.9162
10.9415
11.4524
14.2117
14.6761
12.8833
14.4224
14.741
14.7335
11.5493
12.718
14.5375
10.8762
14.3175
14.9291
12.7181
14.7227
13.6475
12.5852
13.7228
13.1377
14.8729
11.1116
13.3132
13.2351
14.1429
13.4467
14.0471
14.2164
14.3644
13.2357
12.1198
10.134
13.4471
13.9707
14.5358
12.9565
14.7906
10.5684
14.3333
14.668
14.6871
12.4745
11.5864
14.7717
13.036
13.6749
14.5429
12.7037
12.7974
14.5668
14.0935
13.1801
10.8741
14.8705
14.5819
14.2841
14.6146
12.9374
13.9319
13.5932
14.7251
13.1781
10.2404
14.8968
14.1088
13.7162
12.6303
10.2436
14.0493
13.6261
13.3706
14.6385
13.66
14.8304
14.3824
11.5998
12.0031
14.9908
13.8885
14.9368
14.2887
14.1024
13.8689
13.8388
13.0605
12.7538
14.3795
14.8142
11.3223
14.2148
14.959
13.502
10.6697
14.216
13.4319
14.9597
10.8831
14.3994
10.6891
11.3255
12.203
11.3687
11.4943
12.4613
14.6268
13.654
13.4375
14.5155
14.657
14.007
13.7942
14.5558
14.5288
12.9104
11.6802
13.5919
12.5531
12.8968
11.2666
14.2364
12.351
14.3328
12.823
13.9801
11.9674
12.5449
14.117
13.5667
14.3821
10.8381
14.8373
14.9157
13.8364
14.5558
14.3204
12.7777
14.641
12.6929
14.5134
13.0664
12.4019
14.4595
14.6241
14.865
12.9207
14.2431
14.4388
12.6201
14.287
13.5616
14.1515
11.7359
12.8136
12.5631
12.8798
13.3289
10.4723
14.9701
14.0643
14.4748
14.7185
14.5241
14.723
10.8968
12.0945
11.5474
14.1142
14.5634
11.6217
14.613
14.36
13.6021
14.3469
11.0161
14.435
12.256
12.3502
13.952
14.1718
11.9506
13.1399
14.0609
14.7486
13.6937
12.484
14.0079
12.8997
10.7858
10.6583
13.1854
11.8722
10.5092
10.1033
12.479
14.4406
14.6742
13.8404
13.6471
12.9697
13.1022
12.0976
14.0777
11.2046
12.995
13.5835
13.2168
14.4298
12.1853
13.7688
14.7401
10.6246
11.0217
14.5968
13.2152
14.3601
13.0063
14.9187
13.9473
13.4426
13.7359
14.629
14.3559
13.0285
13.7136
12.8853
14.7222
13.9817
13.2509
11.3992
12.7679
13.7785
14.3463
14.8718
11.6536
14.5928
12.6367
13.4461
14.4631
14.0272
11.6384
10.3575
10.352
14.5314
12.7145
13.9647
14.7742
14.9819
11.4896
13.5992
11.7234
13.122
13.5499
14.2824
13.3154
13.504
13.9438
12.138
14.3204
14.995
14.9468
11.2695
12.2091
14.2415
12.852
14.9371
13.8741
13.4675
12.7459
13.2859
12.9499
11.9182
13.9216
14.9542
12.3663
13.9473
14.6312
11.8683
13.5696
13.1467
13.9419
10.4623
13.7616
14.4943
14.456
13.7218
13.3346
14.4818
13.6915
13.595
14.5139
14.9585
14.7751
11.6256
10.792
11.0128
14.4924
14.5683
14.162
11.6813
13.83
13.6679
14.525
14.5416
13.8792
14.806
11.7388
13.8832
13.9058
13.5849
12.1235
12.3485
12.2198
13.8806
13.7098
14.5595
14.7093
14.7261
12.3401
14.7197
13.7546
14.9938
12.52
14.7736
14.9771
14.115
13.1575
14.0389
13.0034
14.7976
14.693
13.7002
14.9351
14.4043
13.1181
14.3445
14.9589
10.9598
10.3455
13.4891
13.5745
14.5402
14.929
14.6263
14.4283
13.2865
12.9678
13.7793
10.9179
11.6819
11.7471
14.5497
13.5705
14.6575
13.2308
12.8297
10.7776
12.4169
12.0803
10.7961
14.6558
14.5229
14.5158
10.1511
12.8141
14.0213
13.0506
14.6557
14.7541
14.9613
10.6563
13.0932
12.0531
12.9734
13.1258
12.2994
10.9654
14.62
14.6284
13.6309
14.2898
14.0598
12.0903
13.4953
10.7538
13.2452
11.9715
11.8781
11.7705
12.8675
13.5221
13.8838
14.5528
11.5462
12.5539
14.2324
12.7814
11.8793
14.5088
12.687
14.0228
10.8959
14.5056
12.366
12.4223
12.3318
13.6411
14.3966
14.4223
10.9886
11.8108
13.8737
11.2445
10.9731
11.645
13.0264
14.8928
10.7718
12.6635
14.5584
11.7156
14.6613
13.7625
12.3799
11.3547
12.6117
13.2922
13.1638
12.88
11.8955
14.9347
13.5692
14.5738
14.0989
13.3266
12.2758
14.0789
14.3125
11.2127
14.0984
14.2363
12.9254
13.7742
14.6566
13.0926
13.8572
11.9124
13.7269
12.869
14.9051
12.3358
13.8454
12.3405
12.6994
10.2731
13.8651
12.9756
13.0099
11.1844
13.1889
11.4594
13.9921
14.8171
14.4725
12.7192
14.9953
14.3291
13.6088
14.4434
11.9543
14.6444
12.8567
13.392
12.926
14.2249
13.513
13.8996
14.54
12.9122
13.9472
13.9
11.3254
14.1302
14.1364
11.7313
13.6498
14.6348
11.2379
12.9255
14.7356
13.2397
14.581
13.3716
13.1604
12.6122
13.7674
14.2179
13.6413
11.8866
12.5271
12.3433
11.8561
12.6062
12.5468
13.4358
12.7823
14.94
14.199
14.9656
13.4018
14.7757
12.5536
13.2367
14.8931
12.1844
10.7193
13.624
13.754
12.9693
14.4493
14.6817
10.4064
11.6895
13.9167
11.8082
14.1157
13.8429
14.3064
13.0362
13.1279
14.9003
13.6893
13.6769
13.3409
13.9952
12.3685
14.9014
13.0718
12.0191
12.956
13.3792
13.6481
13.7615
14.6138
11.5255
12.1677
13.2615
14.474
14.4583
14.7299
14.7852
12.9226
11.7172
13.6806
14.2065
13.391
14.6141
10.8163
13.1771
14.4345
11.6717
14.8183
13.8391
12.195
12.8194
14.293
14.8805
14.8575
11.0894
14.0621
13.9097
11.0873
12.153
13.1156
13.9522
12.5277
14.5396
12.2843
14.0586
12.9828
14.9186
14.7355
10.7111
13.0147
13.6855
11.8144
14.7254
12.9192
14.1038
10.3059
13.4577
11.1807
11.3522
14.5467
14.3002
13.535
13.4528
12.9821
13.2349
13.1837
14.1012
13.4491
11.2698
11.5418
14.3583
14.9263
13.4488
14.0244
14.4517
12.5198
14.6968
14.1288
14.846
12.915
14.8963
14.4953
14.2184
14.7131
14.8295
13.1361
12.6853
14.888
14.6831
14.7396
14.8394
13.3339
13.124
13.4485
13.8498
13.174
12.1287
10.1041
14.4259
12.8299
13.2084
14.6852
14.2505
12.1601
12.1202
14.2618
13.6112
11.2057
13.6066
13.0505
14.6968
12.7347
14.3936
14.9357
12.0608
14.4354
14.5223
13.7478
14.6385
12.9788
14.9161
14.6952
14.5098
13.7355
14.8227
14.8526
11.7805
13.6079
13.0798
14.405
14.0376
13.1922
12.4855
14.9827
13.8656
10.2718
14.9358
14.6799
13.1835
14.1876
14.7055
12.3759
14.7275
13.6072
10.9406
14.4226
14.2278
14.5269
11.6886
12.1622
13.6952
11.6808
11.1171
13.2955
11.1944
14.9095
14.9613
12.6993
14.8188
13.3668
12.325
12.7626
14.2408
13.9935
11.9457
14.3075
14.5634
14.2019
14.6355
14.9043
11.8091
11.8796
13.3337
13.7169
14.045
13.9183
13.0422
14.2291
14.5944
13.1639
13.1528
14.9357
10.3308
10.6708
13.6884
10.0138
12.2937
13.6163
13.3434
12.9436
14.574
11.321
14.1065
12.4701
11.9407
14.6983
14.2641
14.4453
13.0526
11.2776
13.7845
12.3617
14.8467
13.9302
14.3525
12.5183
10.6139
12.6473
13.6779
12.2032
11.4679
14.1827
12.8091
14.7999
12.6864
10.5506
14.5452
13.4545
11.4303
14.9243
13.3522
14.0841
14.4795
12.8748
13.2748
13.3739
12.2465
10.5097
14.9982
14.4757
14.3199
13.5716
12.4428
13.9566
10.8151
14.0447
14.8709
12.2525
13.7841
11.741
14.3846
11.528
13.5548
14.3566
13.3668
12.1176
14.9255
13.469
10.8936
14.6045
12.064
14.64
10.6852
13.8511
13.012
10.3366
11.7196
10.6582
14.7872
12.1612
14.0946
13.5122
14.5457
14.8423
10.9295
11.5856
13.9408
14.2599
13.8841
13.481
13.9619
13.9568
13.9916
13.5323
14.9373
13.9965
14.5611
13.41
12.7439
13.8586
14.5405
11.566
13.1816
14.0009
14.4634
13.8603
14.6766
14.7913
14.1224
14.8343
13.1496
13.6144
12.7166
12.8948
11.6325
13.609
14.7917
12.2771
14.1125
10.2976
14.8795
13.1342
11.3259
12.7895
12.045
12.9874
12.6062
14.5984
12.9343
14.642
14.7055
13.9199
10.3703
13.8608
12.6698
12.5178
14.3398
12.5887
12.8814
11.7289
14.271
14.7256
12.4969
13.135
10.9859
12.9197
11.5284
12.7451
14.0605
14.3883
13.2614
14.8406
11.742
13.6762
13.2172
13.4704
14.7924
14.9487
13.7077
11.6118
12.6452
12.5709
10.6031
12.0321
12.3628
13.7548
14.8193
14.5466
13.2802
14.4521
11.9076
14.4388
13.6565
14.5151
11.8794
12.2024
11.8205
14.7221
14.2307
14.5323
14.8569
12.6709
12.8236
13.525
13.6808
12.7912
12.0038
10.925
13.7259
12.1135
14.8983
12.4061
12.9726
14.3356
11.3441
11.6252
14.5119
13.282
12.17
10.0482
13.3454
14.4805
11.7291
14.1564
14.6767
14.2839
10.3483
12.3618
14.6563
13.3474
14.1797
14.1399
13.9031
14.833
14.4719
12.3144
13.1243
13.1744
14.7957
14.9726
10.9475
11.2918
12.0828
13.4971
12.8627
13.1349
14.3948
13.5481
12.7573
12.7567
13.6497
11.9194
14.0733
10.317
13.9802
12.6657
14.8167
11.8913
14.6305
13.6634
11.4981
14.2094
13.004
14.4656
14.2481
13.5238
10.2506
14.8656
13.4272
12.0677
11.0413
14.6082
14.5118
14.3194
11.5543
13.2381
14.1994
11.4025
14.1814
14.6989
14.8032
12.1926
13.8535
14.4859
13.5264
11.906
14.4515
11.6061
14.7685
14.6071
11.9252
14.0596
12.1085
11.9379
14.567
11.227
13.6057
13.4417
12.1741
14.3418
10.5978
13.5947
11.2194
13.7412
14.0941
13.0385
13.5973
14.4646
14.3555
10.0628
14.675
13.0748
14.6458
13.349
13.3899
14.5463
14.08
13.9076
14.2855
13.9458
14.0093
11.4685
11.7523
14.6358
14.4434
14.1077
14.3453
13.115
12.9595
13.7653
12.4816
14.8519
13.0254
13.9859
13.9034
11.4514
10.7611
14.4018
14.5082
14.1929
14.0544
14.7647
13.7975
10.7868
14.6856
14.8403
13.9616
13.6883
14.7178
14.3647
13.2286
13.4307
13.6838
14.2448
14.1217
10.8033
14.2633
12.9379
10.0646
12.2912
14.059
13.3349
13.5041
14.2618
11.6116
11.7581
13.8585
14.6456
14.481
14.5689
14.597
11.4114
14.9894
11.4417
13.784
12.5365
11.8911
14.3983
14.141
14.6092
11.7868
14.7277
13.1356
13.4437
14.5923
10.9656
12.0358
11.9205
14.4824
14.5546
14.9069
14.0683
14.6831
14.6741
11.962
13.7483
12.9238
12.1623
10.6295
14.7463
14.3614
14.0656
11.283
13.2962
10.0426
13.629
14.6609
14.7465
12.3731
13.1282
14.5238
11.5744
12.4647
13.3041
14.9242
13.7947
11.8889
14.704
14.9843
14.1765
14.8102
11.3427
14.5248
11.831
12.8975
13.1768
14.9298
14.1079
13.5119
12.0491
13.1062
12.2767
13.3507
13.7312
14.6275
11.2008
14.5372
14.835
13.297
12.8415
14.9544
14.8055
13.6641
14.7353
13.6441
14.1031
13.7193
13.1012
11.9929
11.1942
13.4275
10.4753
14.3519
11.4556
14.4123
13.4061
14.6051
13.5452
14.7303
13.3833
14.1547
14.7408
14.9966
13.7098
14.4888
14.1326
14.1919
11.989
10.8899
10.6225
13.9662
13.9464
14.4856
12.3517
14.0638
14.3997
13.6311
11.6411
14.4646
12.8263
11.4938
13.7666
14.1962
13.9524
14.1176
13.5869
12.1525
14.9925
10.4041
10.8872
14.695
13.8912
12.779
11.9209
10.9501
10.4236
14.9986
13.3854
14.0408
13.7368
13.9096
14.9221
14.6097
14.0092
14.2478
12.1556
14.0948
11.8826
12.7771
10.5222
10.3895
13.0772
10.3797
11.6582
14.2635
13.45
12.5945
11.7593
13.7524
14.3081
12.5553
11.7625
12.7485
13.6451
14.4982
13.4715
14.6688
14.0338
13.3995
14.5531
12.1347
12.2742
14.8762
14.5464
13.1067
14.764
14.9695
14.9494
12.4615
12.6485
13.888
14.4829
14.0745
14.5991
14.2279
10.2834
12.0983
11.9786
14.3319
12.942
11.4378
13.8185
14.6619
14.3315
10.6396
12.9286
12.5422
12.0578
11.5912
14.1938
12.5535
11.9984
12.1779
14.4071
13.2899
14.1359
10.8288
10.1834
13.5782
13.747
10.9329
12.015
13.1298
12.5561
14.4296
13.5276
11.2649
10.1138
13.7551
11.4834
14.3067
13.0934
12.7939
13.748
14.9891
13.8805
14.6239
14.3865
12.0478
14.9775
12.1107
14.4307
13.2843
10.6335
13.0613
12.6326
14.2822
14.2557
14.2083
14.4855
11.1055
12.1878
14.3304
13.6434
14.5025
14.6637
11.0801
12.8377
13.6438
11.581
13.4049
13.9183
13.4006
14.0732
13.8185
12.4148
12.3042
13.4336
14.0901
13.7231
13.1885
11.8792
12.8412
13.9733
10.3285
13.974
14.9228
13.2936
13.7534
14.5722
11.4995
12.609
13.9465
13.9752
14.3645
11.7713
12.0742
12.2995
12.133
14.7976
12.5323
14.9083
14.7972
14.3148
13.3276
13.4653
10.4438
14.1931
13.1127
10.0826
11.4181
13.9283
14.9072
14.0821
14.597
12.4876
13.4207
13.4507
14.0069
11.7623
14.1755
14.81
12.3084
14.4908
14.2182
14.9803
13.5756
12.2413
12.8154
14.6204
13.4401
13.1654
13.0501
14.2875
14.4679
14.4051
11.0524
13.6732
13.5509
14.2825
12.6251
13.9208
13.3484
14.3536
13.3421
13.3966
14.7175
11.749
10.079
14.7197
13.9809
13.5222
13.4243
14.5896
14.8733
12.4231
13.1207
10.9805
12.6968
14.982
12.4176
13.7468
14.2734
12.7636
14.4194
14.2228
14.7754
12.7657
13.4997
14.7467
14.644
14.1225
12.4311
13.2506
14.738
12.4806
14.4032
12.1081
13.462
14.2338
14.4399
10.0129
14.9361
11.9973
14.9382
13.2162
13.0488
14.5548
12.7684
13.0986
14.6132
13.884
14.3885
12.9595
12.8979
12.1813
14.3605
13.1897
14.3286
12.4228
12.7574
13.3514
13.2486
14.495
13.3562
12.3655
14.8125
14.0529
12.5082
11.4716
14.627
13.7827
14.262
13.7118
14.139
12.1607
11.089
14.6394
11.6972
14.5516
14.4432
12.338
13.4613
13.95
11.4022
14.6412
14.933
13.7308
13.4481
13.7276
14.8696
14.5204
13.0814
12.4518
13.4276
14.8934
14.8644
14.1283
14.67
12.6118
13.1055
12.502
13.8782
10.1495
14.7193
14.4382
12.8657
14.2261
12.1908
14.8264
14.2607
11.9208
14.9812
13.7833
12.2683
14.3359
13.4032
14.6877
14.7895
13.2372
14.8469
12.6182
10.7675
14.8996
13.7237
13.2369
12.7562
14.7799
12.9668
13.6597
14.968
11.7537
12.1972
14.4337
11.8149
14.9101
12.2604
12.2892
14.0706
14.6603
12.9769
10.061
14.505
11.0818
11.7382
14.1988
14.0916
14.7758
10.3539
14.7796
13.9543
11.0331
12.1488
12.6606
14.8946
13.9793
12.0601
12.2011
11.7668
14.5669
13.924
14.6396
13.6729
11.9198
11.4289
14.7307
11.879
14.7851
11.7789
13.8763
14.6139
13.526
11.7615
11.8565
14.6226
13.8801
13.9473
14.5496
13.5896
14.9782
14.6437
14.1567
14.2359
13.619
11.8146
13.336
14.8944
13.5452
13.8802
14.2716
13.4026
10.5727
13.6748
14.5436
13.5938
13.296
11.2575
11.5395
14.9513
10.718
14.3922
12.6444
12.8337
14.049
10.4202
13.8764
13.0043
14.864
13.7717
13.1232
14.2929
14.007
13.3821
14.2708
12.4804
14.2734
11.3387
14.2062
14.2936
14.6736
14.9088
13.0601
13.7209
14.6318
13.6928
14.7147
13.1912
11.8515
11.3038
14.046
12.8571
13.8528
14.6731
13.6639
11.6653
12.1278
14.1145
14.0827
12.9871
14.4891
10.233
13.5778
13.2919
12.8786
13.8397
11.6187
12.2841
14.8404
13.4283
13.9665
13.8717
11.7598
12.8277
12.6443
14.5848
14.6369
14.2253
14.6188
14.9548
11.066
12.7882
13.6284
13.7455
12.3873
11.9626
10.0589
12.676
12.3607
14.3739
14.9447
13.5147
11.3404
10.9445
14.041
12.662
13.3943
14.3977
14.5227
14.1527
14.7533
13.8942
11.9639
14.3467
14.7322
13.4505
13.4213
14.6802
11.2255
12.7564
14.6772
14.2874
13.966
14.6666
14.0821
13.3046
12.2809
14.7451
14.3751
13.2741
14.0341
13.3962
13.7774
11.0377
13.2851
14.6528
13.8015
14.0657
12.1213
11.0546
11.183
12.5284
12.2371
12.3861
14.1452
12.3719
14.233
10.7082
12.8859
14.9617
13.9437
14.0177
12.9537
14.0825
13.9852
14.4295
14.1556
13.7281
14.0136
14.6242
12.8027
14.1945
14.8706
13.2178
14.318
11.7882
13.1488
13.9405
14.0425
10.6447
10.94
12.5556
13.5946
10.254
13.7648
13.0395
13.7269
10.8466
12.3927
14.1676
14.0028
14.8564
11.3078
14.4298
13.0994
14.6659
14.0666
14.3723
14.8689
14.6608
13.2667
10.987
13.675
14.28
13.2685
13.4308
13.989
14.6817
11.5017
14.6195
11.9565
12.3522
13.9687
14.2908
14.0612
14.0362
13.7566
14.7499
10.777
14.3109
13.3245
13.4417
11.7647
12.9024
12.1187
11.733
12.0122
13.2829
13.5286
14.3392
13.059
12.6827
14.9604
10.4511
14.1025
12.8289
14.783
12.4117
14.8149
13.5183
11.4801
14.9187
13.6604
11.7835
11.4324
14.6615
13.1991
10.1933
13.5722
12.6089
10.8578
13.3352
14.7694
10.1795
14.081
14.157
14.3989
13.4448
14.1074
10.4424
12.4106
14.9379
14.7664
12.0446
10.2081
11.0235
14.3789
13.1221
14.7481
14.7719
13.8223
13.3998
14.9884
11.6466
14.9381
14.0295
14.6186
10.5886
10.9275
11.2697
13.4767
12.1669
14.4264
13.1615
12.5853
13.6844
14.8074
12.5057
13.3629
14.2855
13.6485
13.8891
14.1384
12.2447
14.9045
13.9067
14.5464
12.9723
12.9345
12.3817
14.9563
14.7374
13.7327
13.8317
12.7147
13.4659
14.9311
14.0241
13.6707
14.4794
13.4757
14.9074
13.6061
14.7893
14.9682
13.7599
10.8884
14.045
12.0202
12.5005
13.5307
12.9879
14.0592
12.0358
14.7747
14.6531
13.4562
10.9887
14.4272
13.6968
11.5677
13.8568
14.9554
12.1187
13.2014
14.9197
10.8737
13.1512
14.4304
11.3087
13.1012
12.7209
14.9783
12.9758
14.9773
14.1553
13.377
14.0906
10.2643
12.2042
12.2383
13.9363
11.3185
13.5091
13.3176
11.6945
13.4627
13.2507
14.345
14.2623
12.6627
11.8793
14.9274
10.2356
14.5725
13.0018
13.9507
10.4276
14.7091
14.1031
12.3515
12.6178
14.4915
13.3772
13.6728
13.8745
13.4597
11.892
10.4404
14.9134
14.2364
14.8512
13.068
14.1111
14.3214
14.8519
14.3606
13.0157
10.8261
14.2157
14.6929
14.3947
14.4503
14.5483
13.5051
13.7902
14.2911
14.8014
14.0366
13.8425
14.4593
11.4181
14.9751
13.2023
14.3052
12.099
14.0719
10.6891
13.3761
12.9379
14.0155
14.7514
14.3953
11.7595
13.2894
14.7332
13.5804
14.2568
13.9841
13.1859
14.4892
13.4999
10.5073
13.8622
13.8672
13.9437
14.3265
11.971
14.5411
12.3782
11.0615
13.4125
14.9687
12.539
13.877
12.6233
12.7237
11.2412
14.9946
12.9552
14.2136
12.4036
11.1328
12.5763
13.7922
13.3651
14.3441
13.9852
14.1093
13.932
13.8496
13.6255
14.4875
13.2186
14.4628
13.1762
14.377
14.4626
12.1344
14.1194
11.0413
13.9861
14.1479
12.8796
13.7459
13.4028
12.6855
14.8727
14.6905
14.9588
14.3737
14.2593
13.3316
11.3649
14.3621
12.3414
10.1948
12.3365
11.8151
14.4777
14.3459
13.9432
14.3017
11.3729
12.9565
14.0223
14.5524
11.9679
14.9635
13.7259
13.5244
14.5853
14.3074
14.5096
12.3487
13.0931
13.8453
12.7116
12.8402
12.7642
11.8169
10.5636
12.5852
13.1694
13.3524
14.0741
10.2538
13.0478
14.7946
14.7921
10.3478
10.8736
12.5549
14.8739
14.5025
14.8112
14.9004
11.8806
13.8154
11.3012
14.7498
12.1391
13.9171
13.6279
13.3028
11.6362
14.713
13.7513
13.5476
13.6364
14.3197
14.2277
12.4743
13.8121
14.5991
13.4999
14.6266
11.9978
12.2978
14.6515
14.8766
14.2648
13.6176
10.7199
12.4569
10.7072
12.75
14.9052
12.3268
14.689
12.7228
14.2434
13.5003
14.0951
11.0889
10.4715
14.7581
14.4759
14.3186
13.7433
11.5722
12.5576
13.1434
14.6315
12.0231
14.4483
14.6027
14.3259
12.8322
14.8046
14.8779
14.061
13.7661
13.9488
11.4996
14.5108
13.0783
13.7565
13.2883
14.2257
13.4344
11.2858
12.8918
13.6243
11.0467
13.6174
14.4519
14.0721
14.6974
14.1543
14.9656
13.1586
14.3861
13.7468
14.6617
12.5874
11.5453
14.4779
13.3054
14.1441
13.5764
12.0776
11.4997
14.5543
14.959
14.3912
14.5918
11.8863
11.8781
14.6218
14.3122
14.2488
10.4515
11.9224
12.7002
11.7145
14.065
14.9114
13.0343
14.8063
12.4762
13.337
13.5252
14.4043
14.3756
10.4885
14.2792
11.5408
14.8997
13.2063
10.3553
13.4667
12.5272
12.4769
12.2249
12.1226
11.7246
12.5491
14.4936
14.9578
12.9034
14.8135
13.1115
14.5517
13.6561
14.3971
13.8283
13.1962
13.2957
14.841
14.233
11.3476
14.2803
13.0354
10.7914
12.1457
14.9983
14.601
12.1667
13.9265
11.9471
13.2876
11.4579
14.5749
13.1253
13.9974
11.1653
14.5317
12.3991
14.3947
14.9212
11.3052
11.3001
12.8793
13.4263
14.1035
12.2685
14.3293
14.9102
14.9428
13.867
13.6429
12.1448
14.745
14.7959
13.6762
12.531
13.3655
13.3758
14.8903
14.45
13.2821
14.8099
14.8829
14.1704
12.1636
13.2316
11.8221
13.884
14.403
14.2484
12.8143
12.1183
14.9481
13.4474
10.9104
14.4235
12.0905
14.4729
13.6527
12.3169
14.6615
14.5428
12.5745
14.833
12.8398
10.4858
13.4895
14.684
13.2087
11.871
10.4492
13.8344
12.7059
12.7901
14.5921
13.2097
13.7998
13.8426
13.6767
14.1377
14.5091
13.3532
13.8379
13.3417
14.7682
13.9035
13.2374
10.7471
14.5943
10.3204
11.569
11.9781
12.7999
13.9604
11.3278
14.5605
12.4652
13.9165
13.7801
13.6645
14.6987
13.7907
13.3316
13.9688
14.3867
11.9442
14.7067
13.4065
14.9982
13.6436
14.8867
11.9401
13.0129
13.7583
12.9825
14.1265
14.9945
12.9869
14.7252
14.6551
14.8221
11.037
12.9237
13.6232
13.4917
12.1823
13.9582
11.9668
14.3723
14.3614
14.6955
13.9801
12.4383
14.5563
14.2121
14.1781
13.9048
13.014
14.841
14.6481
12.8487
14.1712
13.8466
13.1386
13.4063
14.7468
14.9624
14.8625
11.7035
13.5714
14.7007
14.8411
13.1494
14.9463
12.4741
14.8238
14.1632
12.4939
11.9993
14.1731
13.935
11.201
13.0918
10.1134
14.8639
11.7608
11.1992
10.7487
11.103
11.0664
14.1442
13.9476
13.0371
12.9943
12.0655
11.8277
13.6965
13.6765
14.583
14.2347
14.6639
12.0257
10.7883
13.2881
14.8975
12.5496
13.5697
14.9497
13.5942
12.2601
14.8907
10.7821
11.7285
14.8118
12.473
14.2776
13.2287
14.1082
14.0125
10.4321
10.048
14.4548
13.4508
12.067
10.5983
12.826
14.8078
13.9931
12.8762
13.6452
14.1767
14.2995
14.2802
14.5327
12.8742
13.1138
11.3334
14.8654
14.9902
13.1262
13.1685
11.1109
14.7418
14.7784
12.4023
14.9413
11.3006
14.9951
12.8635
10.3517
12.5189
14.884
14.7343
11.6179
11.6937
13.8657
13.8829
12.7182
14.0501
14.8164
14.5693
14.1849
14.0473
14.0919
13.8296
10.8263
12.3857
13.9011
12.1302
14.1892
13.5521
13.3241
14.7988
13.752
13.1584
12.5131
13.152
13.2803
14.5352
11.8054
10.7268
11.5199
10.3411
14.8853
13.0424
11.9571
14.8219
13.6893
12.5849
13.19
14.5154
14.615
13.5179
13.5297
13.3339
13.0492
13.9829
10.8206
14.7867
14.6294
14.6321
14.942
14.2311
14.4141
13.7853
14.6848
14.9262
14.4397
11.6152
12.2484
14.5044
14.4636
12.0726
14.4696
14.9868
13.8224
14.0172
10.4636
12.2383
14.2166
14.4418
13.3305
14.7399
11.3582
12.0666
12.4047
13.5806
12.7109
11.9408
14.6932
14.6986
12.826
12.5783
13.1482
14.7363
13.802
14.8992
14.4636
12.8412
11.3929
14.7138
13.8018
14.5169
12.8367
13.8404
14.8632
14.4348
14.126
14.6538
14.7817
10.073
14.0513
12.599
14.5543
13.5
14.7663
12.4134
13.9437
13.2346
12.9389
12.2844
12.6461
13.2494
13.9619
13.6878
10.6558
14.5178
14.6708
14.0649
12.5963
14.5881
11.9055
12.6447
11.1504
12.2126
14.1678
13.532
13.4976
13.8218
11.6742
12.6524
14.3776
13.1104
14.7642
13.0631
10.5015
14.0639
12.0949
14.4849
10.8953
14.9281
10.0063
12.3689
13.7095
14.665
13.8173
14.6427
12.8629
13.5904
12.7927
14.5931
14.4486
13.0088
14.5905
13.6544
10.9454
14.9305
12.1374
13.8112
14.4141
14.505
14.4419
14.2938
11.1293
13.2114
12.4171
12.0733
14.0079
14.1098
12.9489
14.6262
13.0889
14.9658
12.8557
10.845
10.3147
14.3132
13.2599
12.2647
12.6921
14.7433
14.0881
13.0877
13.4708
14.0976
14.9783
14.4628
11.8317
14.9675
13.7683
14.2757
13.7415
12.974
12.8416
12.5267
12.6394
14.7138
13.9992
10.6204
12.5496
14.0977
13.7722
12.0493
11.817
14.0553
13.9036
12.3036
14.0108
13.8576
13.9304
12.1268
14.3022
14.0095
11.2341
11.926
13.1343
14.3702
12.5416
11.4124
11.2552
14.8936
14.3314
13.3664
13.5418
14.5213
13.0968
11.8111
13.3453
13.7553
12.4673
14.3223
12.3214
14.0111
12.9974
10.9787
14.6152
12.0466
14.5281
13.7926
14.9387
13.5178
14.6856
13.7673
13.7957
12.9672
11.901
14.2281
14.1558
10.3124
13.6868
12.5671
13.7042
13.5998
13.3544
14.6605
11.3503
11.247
14.8134
14.442
13.1925
14.2304
14.0558
12.7754
12.5705
14.1729
12.4788
12.0275
13.7641
14.2818
14.2955
14.9614
12.6204
14.7913
14.9255
14.7102
11.4467
14.283
12.8843
13.0843
13.7577
12.7807
12.5289
12.9746
14.3078
12.0227
14.088
14.4913
11.8145
12.8583
13.7128
13.738
14.2443
13.835
12.8111
14.1337
11.292
10.6961
14.7739
13.0701
14.5557
14.3087
12.1323
14.3129
13.6821
13.182
13.589
12.4719
13.388
13.8798
13.5002
12.0035
13.1303
11.7842
14.8973
13.0963
13.4431
14.772
13.6835
14.0778
14.3612
14.2582
10.3502
14.7507
14.1389
13.8511
14.328
14.2429
14.3239
14.6462
13.9594
14.9532
12.5292
11.8434
12.6452
11.4872
10.1044
13.6629
13.4191
12.5093
13.0487
12.6547
14.791
13.2549
14.2317
10.8653
12.5001
14.1576
11.1727
12.9843
11.6264
13.6944
11.6662
11.5425
11.8506
14.94
14.5703
14.372
14.5694
14.4747
14.8275
12.8893
14.6923
14.8415
11.4549
14.6064
11.254
14.7892
11.0569
13.6323
10.2773
14.9741
11.9557
14.6797
14.5671
14.6358
14.1738
14.5298
14.0613
13.0436
13.3857
14.3805
13.6596
14.2327
14.2511
14.2606
13.5557
11.5367
14.7795
13.0631
13.7759
14.8442
13.1956
14.5937
14.809
14.1978
10.6854
11.7607
13.4998
14.9662
12.0204
13.8308
11.9989
11.873
13.1336
13.2568
13.5686
12.248
12.2514
14.2326
12.7519
14.9802
13.0472
14.2815
14.9612
13.3857
14.7437
13.6618
14.9376
14.1925
14.2972
12.0148
13.2164
10.8187
13.5282
12.895
13.1013
13.1966
13.543
12.4923
13.5615
14.958
10.3593
13.9334
12.6943
10.1601
13.6198
10.7954
13.4453
11.1198
14.2452
13.4197
14.5985
10.7943
14.6362
13.3894
12.5702
10.2938
14.9519
10.4241
13.6889
12.5575
14.3787
14.7568
11.3748
14.2801
14.2508
13.9866
13.7478
13.2215
12.9554
12.9281
14.6723
14.5416
13.7017
12.6841
14.1815
11.1382
13.0957
13.8509
13.6219
12.5662
12.5272
14.4796
12.0459
14.8761
12.9654
13.1846
10.2893
14.6455
14.8756
10.4653
13.6748
13.6131
12.3142
13.133
11.6982
12.936
14.3772
12.1596
11.7251
13.3012
14.2566
12.125
13.5812
12.5743
12.7715
14.0405
11.2902
14.9997
14.0785
14.5803
14.9889
13.5084
13.695
13.1938
14.6592
14.7852
14.5594
12.5962
13.6918
11.0458
14.2339
11.5595
13.4624
13.8846
13.1948
10.4803
13.6138
13.2418
14.3781
12.0544
14.6112
12.5396
14.4808
10.8491
14.6135
14.9587
14.9513
12.155
12.9927
14.354
13.8961
11.045
11.7357
12.8126
14.0742
13.189
14.6131
11.7976
12.8068
13.3711
13.1504
14.5439
11.3401
14.0899
13.9972
12.5166
14.2571
11.265
11.0218
13.0182
11.2372
14.6594
11.8416
10.1448
13.453
13.9533
13.1347
14.5976
12.8194
14.9055
12.5004
13.8737
14.1419
14.1935
12.1881
11.8212
13.9808
12.8535
11.5059
12.6442
10.7361
12.6416
13.9894
10.1436
14.6908
14.4415
12.6089
14.165
11.6466
13.0968
14.8022
13.5922
12.8141
14.3929
11.2483
13.0338
12.6735
13.3373
12.0898
14.1028
14.0639
13.5132
14.1902
12.0686
13.4403
14.5566
14.1644
13.7994
13.2416
11.9661
11.3181
12.7133
14.0616
14.9509
11.0327
14.7301
12.8344
10.0181
14.2757
14.5735
12.6295
14.6964
13.3878
14.1015
14.0208
11.3129
12.7694
11.4815
13.8027
14.6948
14.7172
12.1527
10.2691
14.4747
14.4729
13.3149
10.714
13.5586
13.4836
13.9646
12.4627
14.1853
11.0056
11.3911
13.1871
13.8753
14.7749
13.9948
14.6324
14.7887
13.0112
13.443
14.8115
14.1395
14.8731
14.7511
11.7021
12.7674
14.6825
14.9793
11.6142
14.1112
12.9688
13.7196
14.5929
12.9036
11.4425
14.4646
11.1212
14.0431
12.009
14.706
13.9061
12.5284
14.8432
11.7906
14.8036
10.3091
14.4911
14.7413
12.9917
13.7912
13.8339
14.2172
14.2345
13.479
14.1412
13.9268
12.7583
13.5266
12.0592
11.0255
14.642
14.8125
13.4042
11.4476
10.8625
14.1497
12.045
14.5017
13.0655
11.206
13.9582
14.549
13.2768
13.3277
14.4416
12.507
12.0916
12.9113
12.9702
13.6752
14.6376
14.8567
13.2172
12.9609
13.7279
13.1691
13.9557
14.9683
14.8199
12.4499
14.5633
10.949
11.386
14.1416
14.7296
12.732
14.0573
12.1032
14.7919
14.6273
14.4181
13.0083
11.5814
10.7335
13.1459
14.5182
12.1418
12.2477
13.2987
13.0908
13.0328
14.3229
14.5199
13.721
10.9573
12.1205
14.5593
10.1101
13.8693
14.7128
14.9868
14.2372
13.2687
13.834
14.0899
11.398
11.0785
11.0964
12.5199
13.2616
14.8243
12.0016
14.2371
14.5515
11.9661
14.5596
13.8968
14.4603
14.9476
11.168
14.0829
13.8862
14.283
13.98
14.879
13.2107
14.5713
11.58
14.1731
14.7985
14.3536
13.4173
11.75
13.7849
13.0617
14.4828
12.4706
14.5974
14.7118
12.7927
13.2952
14.7994
11.9866
14.4369
14.603
13.6562
14.9862
14.704
12.308
10.4445
14.4531
14.9087
14.5271
14.3641
12.4943
13.7998
13.9077
13.7878
12.5589
12.1398
12.2587
14.3066
10.5574
12.6721
12.8208
14.1648
14.6409
11.9735
12.0375
13.6137
14.7415
14.7631
13.3371
11.7238
13.0923
12.8593
14.7549
12.7531
14.6135
12.8099
14.6845
13.9285
13.8612
12.4878
11.3249
14.6259
14.7619
12.7686
12.5704
14.4273
11.7573
13.1111
13.9626
13.788
14.7707
14.886
14.1761
13.1276
13.5466
14.9628
12.2663
11.2565
11.676
12.2598
10.2835
13.0409
12.9737
13.5612
13.0916
13.533
14.6292
14.4523
11.3481
11.6571
12.61
11.8961
14.4503
12.1753
13.4616
12.7481
14.8237
11.9592
11.7179
14.9589
11.2211
13.1155
12.9277
13.5007
13.6228
13.0937
13.6983
13.5667
12.7775
10.8826
12.6047
14.8112
13.5519
13.267
14.7174
14.4236
13.1956
14.5394
14.7774
14.7536
14.7467
13.5967
14.4094
12.3786
13.144
14.9453
14.179
11.1472
14.819
13.0062
14.7343
12.9798
13.7068
14.4654
14.8574
14.0691
14.5476
11.1712
14.7931
11.5975
14.6982
13.4834
12.5572
12.9334
14.0694
14.526
14.2601
14.934
14.1002
14.7477
14.8275
12.7606
13.2942
12.7315
13.6175
14.4721
12.7688
13.5152
12.7592
14.132
13.4428
13.5105
13.9967
14.5218
11.871
11.1528
13.1462
13.6206
10.2073
12.555
14.6719
13.649
14.2885
13.7101
14.5357
11.515
14.8731
13.7648
12.8382
12.0036
14.3162
12.1626
13.6362
13.6381
10.0787
13.0085
13.2407
14.5719
13.8472
12.9356
10.357
14.0136
14.9088
14.782
13.6664
14.8825
14.3877
13.2771
13.4807
10.2754
11.7654
12.8542
14.7864
12.1485
13.2617
14.4867
13.1569
11.5498
13.5587
13.6317
14.1126
13.4298
13.9851
14.2655
14.5617
14.1436
14.3362
13.7482
14.4374
13.8089
13.8402
13.7996
10.1082
11.9634
11.6079
12.9285
13.896
13.1351
14.2643
11.4042
14.4326
13.4468
13.7034
14.8232
13.189
12.3519
11.1377
11.6936
14.784
12.4578
14.872
13.5743
12.8408
14.2435
12.0021
10.3992
14.3137
11.1613
13.5885
11.0192
13.7771
11.2409
11.2187
13.224
11.0182
14.6146
14.288
11.3278
14.3899
12.9832
11.4284
14.4731
14.9061
11.9302
12.6141
11.425
14.7916
14.6873
14.6332
13.3862
11.8669
13.2015
13.6905
11.1111
11.536
12.4219
12.2222
14.5935
12.6658
12.5553
14.6449
14.8453
14.1455
11.7468
13.2841
13.6128
14.0911
13.5904
11.6201
14.8584
14.3019
12.843
12.9408
14.9187
13.8822
10.5378
10.2856
13.8601
14.7838
14.9285
12.6872
13.8814
10.3232
13.8382
11.8055
11.8078
14.5705
11.014
12.3112
14.872
13.2475
10.975
14.5102
12.3356
12.8621
10.7566
13.3636
14.0625
11.6322
14.2096
12.8946
13.6719
13.5718
14.6704
13.4165
13.3255
14.7423
11.8781
12.9121
12.6114
11.6835
14.855
14.2015
14.3327
14.2043
14.8709
14.8909
11.514
12.7679
13.1211
11.1815
13.1165
13.7467
14.7961
14.2007
14.6233
14.7329
11.0487
10.6704
14.4327
14.9059
11.6614
11.2953
13.3272
13.6759
14.9246
13.6421
11.7156
10.4961
14.5684
14.909
13.3114
13.5645
13.3748
14.9539
14.8203
13.8229
14.8417
12.9798
13.0935
11.8506
13.1921
14.9047
11.8124
14.7264
13.1567
12.9678
13.3713
12.8397
10.9344
13.1149
14.7402
14.364
13.0882
12.1204
12.9912
14.7167
14.7947
12.4277
14.1008
10.0109
13.6176
13.0286
14.5668
13.5221
14.8516
14.1948
13.0066
14.6474
14.8859
12.3264
14.7417
13.1007
13.7125
12.1042
10.8538
11.1789
14.5948
10.2267
14.814
13.4525
14.029
12.1666
11.2513
11.7929
14.7226
13.6099
14.9165
13.7846
11.5282
14.5695
14.1576
14.5253
12.3215
14.7384
13.457
13.9758
13.3662
13.6524
14.5869
14.3443
12.2153
13.8599
13.7648
14.072
14.9718
14.6672
14.9725
13.9521
14.7302
14.0708
14.8218
14.512
14.8137
12.1302
10.8986
13.7586
13.86
14.0246
13.9519
12.4401
12.3017
13.6501
11.738
12.9817
14.9315
13.3791
14.9563
14.3082
14.1036
14.2568
13.5239
11.9479
13.4231
13.5184
13.5901
12.5288
12.8222
11.8833
14.9396
13.2018
11.8719
14.414
12.0858
14.1286
13.3177
14.5856
14.9195
12.423
13.094
13.1613
12.2604
10.5086
13.8828
14.8787
14.6093
14.2814
12.1651
14.5439
12.6698
11.6263
12.1327
14.1645
12.7438
12.9639
10.0171
14.7235
14.5591
14.4938
13.7221
14.208
10.2252
10.8699
12.2746
13.8586
12.0792
11.1436
14.1268
13.8233
14.0791
12.6091
13.9402
14.9812
13.3093
13.8582
13.8939
14.7842
13.403
13.8237
12.2418
14.4707
12.3466
13.7121
11.5457
14.9873
13.7897
13.2206
13.4994
13.5555
13.2348
13.2858
14.0127
13.5935
13.4216
14.0132
13.6902
14.6326
11.9457
13.11
13.4204
13.0363
11.5668
13.6293
14.3822
14.2121
13.7058
12.8029
11.7441
14.6758
14.266
11.7426
10.4432
14.8932
12.2104
14.9979
14.7581
12.1664
11.6328
11.8535
14.2551
14.6244
12.5842
14.0873
13.4593
13.362
13.9134
13.4627
13.908
14.8491
14.7317
14.9811
14.3788
14.0248
14.9545
10.8891
14.5472
13.0438
13.2353
14.5716
14.8833
13.9239
14.5728
12.6297
12.643
11.4511
14.0084
12.0555
14.47
14.9745
11.3194
14.971
14.528
12.0967
12.0483
13.2693
14.7487
14.54
11.213
14.6177
14.8738
11.0574
13.259
14.0121
12.1063
11.6433
12.9895
14.9766
12.9781
10.1847
14.55
13.292
13.4215
14.0578
10.4343
13.4055
14.2431
14.1534
14.9757
14.8953
11.8131
13.1628
12.0789
13.8327
14.2656
12.1494
14.7762
11.843
14.7784
14.5776
14.7123
10.7899
14.9474
13.1577
14.7714
11.7903
14.6213
14.6716
14.3325
13.7457
14.4157
13.8798
14.4463
14.5359
13.1137
13.4845
13.1187
12.628
12.6745
14.1287
10.7419
14.6116
13.1222
13.8403
14.8594
14.9142
13.5549
13.517
12.9198
13.9514
12.4491
14.7709
11.8481
12.5512
12.4564
12.7786
12.1159
14.9605
14.5659
12.9356
13.5279
11.988
10.8807
13.3212
14.2483
14.9525
11.9512
13.8685
14.5223
10.9825
14.2203
14.3276
12.0215
14.3586
12.8297
11.4583
12.3396
11.4976
12.1565
12.023
13.845
14.5383
14.4846
14.7147
12.9546
10.0737
13.942
14.746
11.6802
12.3814
14.8711
13.3673
12.123
12.8766
10.3525
11.3992
14.4162
11.5427
14.3075
13.5586
13.3564
11.8919
13.5179
11.8839
13.2685
13.2463
14.0037
14.9963
