13.4273
14.9987
13.8226
14.784
13.9469
14.4162
13.9649
13.6536
14.9312
14.343
14.5802
13.7367
14.4305
13.8001
14.4615
13.2568
14.8251
13.7517
13.0599
14.0891
10.2279
13.7615
13.2966
12.4714
14.9019
12.4746
14.6667
14.4992
13.5397
14.4634
14.6332
14.0602
13.9321
14.1309
13.2985
14.0144
11.9503
14.5573
12.9557
13.436
14.3387
13.916
13.223
14.1374
14.6806
14.4016
14.6317
14.4971
14.9283
13.5431
14.5893
13.3449
13.1274
14.4697
11.614
14.7938
14.8936
14.4256
14.8524
14.535
12.7156
14.349
13.2225
13.8687
13.6619
14.1311
13.7151
13.9925
14.3621
12.6244
12.4457
14.3848
14.1555
14.6978
13.2411
14.1898
14.4029
13.0315
14.7656
14.2482
14.5981
14.9691
14.1847
13.384
13.8621
14.853
13.4586
12.6659
13.414
14.2598
12.9218
11.549
10.2545
14.8407
14.9281
14.9302
13.9963
14.2309
12.3814
13.822
14.3654
13.6094
14.7788
13.4235
11.7404
14.49
14.6968
14.2053
13.8704
13.7472
14.7278
12.6587
12.7465
14.988
14.3081
12.173
13.8868
14.3099
14.2349
12.9618
13.6681
14.9931
14.0999
14.6122
12.596
13.1808
12.8652
14.9728
13.3538
13.1581
14.2599
14.2553
14.7511
13.5115
12.884
14.8242
14.2789
14.8081
14.3865
13.4662
14.9957
13.302
14.8798
13.9101
12.8392
12.786
14.7053
14.6435
14.3333
12.8583
14.2109
14.4594
14.1924
14.4871
13.8128
13.4053
14.9992
14.6829
13.9683
14.3241
14.2669
13.6374
12.0919
13.1317
14.1976
14.0411
14.2248
13.6495
12.9733
12.7368
14.8883
13.577
14.3601
14.4896
14.9373
13.7192
12.4611
14.4429
14.7387
13.7268
14.202
14.6364
14.8762
13.5534
14.2066
13.9909
14.7579
13.1851
14.7773
13.6293
14.2333
14.7726
14.3823
14.7622
14.832
14.6274
14.869
14.3572
13.0727
12.8375
13.6354
12.7328
14.6809
14.7423
14.9062
14.9526
14.8458
14.6869
13.5263
14.2308
14.6592
14.2598
14.7266
14.8833
14.5693
14.6134
14.8991
14.9552
14.7865
14.0319
12.3574
12.7649
14.7969
12.8267
14.8726
12.8569
12.9203
13.6127
14.5283
14.6556
14.7025
13.8664
12.5973
14.7939
14.2941
14.8241
14.157
12.6526
12.4693
14.8276
14.9891
14.4187
14.7877
13.3969
13.1527
14.8795
14.6507
14.0892
14.5378
14.025
13.6442
13.7381
13.7394
12.9114
14.7296
13.0302
12.8372
14.5613
14.0916
14.6762
14.8224
14.3885
14.3643
14.9633
13.8061
14.0754
12.7822
13.9954
13.7827
13.9429
14.201
12.5917
13.6676
14.7347
13.8682
12.1409
14.8421
14.6701
12.8834
14.127
14.8505
14.9373
14.4262
14.6978
13.3388
13.145
14.7339
14.1242
12.7632
14.5082
14.7178
13.9161
14.5815
14.2913
14.3508
14.6229
14.5953
14.1754
12.2995
13.6181
14.4197
14.2821
14.6255
13.2541
13.0129
13.4082
13.9334
13.3071
14.6269
14.0155
14.135
14.6596
12.7152
14.1182
13.2105
13.5594
14.7168
14.0029
13.4513
14.8494
14.4848
13.3159
13.8101
14.8869
11.4543
14.4753
14.8632
13.922
13.3645
11.6465
13.6397
14.7784
14.8515
12.0735
14.0504
14.3463
13.2184
13.1518
14.9919
13.7216
14.9327
14.7899
14.5063
14.6767
14.9223
13.8933
12.3815
13.3069
14.7129
13.1479
14.3068
14.8164
14.6542
14.767
14.9176
14.0592
14.9665
14.3803
14.9379
13.1947
14.8606
13.1717
11.991
14.7342
14.6603
14.3017
14.5444
13.9463
14.0602
14.2472
14.5269
13.0781
14.0599
13.8788
14.4686
14.1671
14.9123
13.4428
12.2721
14.7545
12.2211
11.8651
11.9365
13.5078
14.8368
13.1849
14.4713
14.947
14.9788
14.069
13.99
14.5066
13.0726
12.9325
14.3475
14.8153
13.1392
14.1443
14.844
14.2252
14.2002
13.647
13.7588
13.2058
12.2693
14.4632
12.9433
14.6001
14.601
12.8749
10.2914
12.9847
13.4012
13.5864
12.8095
14.8028
13.1859
14.5992
14.0523
14.5727
14.5536
12.8083
13.4229
14.5113
13.9669
14.5796
14.1891
14.3229
14.0241
13.17
13.7185
12.7763
14.0247
14.1105
14.2594
14.9927
14.5939
14.8315
13.5026
14.7973
14.2135
13.8069
12.4414
14.7929
14.7642
14.7058
12.8928
14.3783
13.1547
14.8637
14.7394
14.2903
14.3787
13.7914
12.9072
14.4665
14.7025
14.8714
14.4356
14.9769
14.6803
14.3133
14.2551
14.0676
13.2217
13.7217
13.4591
14.7562
14.795
13.4711
14.4964
13.5793
14.9243
14.8175
14.0633
14.8049
14.6487
14.513
14.4728
13.3229
13.6857
14.601
13.6054
14.4781
14.8804
14.1156
14.8374
14.1865
13.1776
14.0898
14.9583
14.191
14.114
14.9342
14.4397
12.5205
14.303
13.4071
14.8116
14.5986
14.5667
14.4337
13.342
13.6919
14.2275
14.7203
10.9052
14.9632
14.1238
13.551
14.7485
13.642
13.2703
14.2631
14.4387
14.1276
13.8003
12.7216
14.5568
14.3204
14.5413
12.563
13.4419
14.0078
13.8861
14.812
14.1491
14.1209
13.6253
13.2668
13.5033
12.2036
14.156
14.973
11.7966
13.9072
11.7624
12.922
13.2177
13.9649
14.0523
14.4401
14.6977
14.8536
12.4145
12.8095
14.1979
12.989
12.1356
14.6012
13.9359
13.2631
13.6346
14.73
13.0008
14.2025
14.5674
14.684
14.9009
12.3708
14.9986
14.722
14.8485
14.9482
14.8313
13.3168
14.8364
14.1692
13.6813
14.96
14.2928
14.4423
13.6718
14.6007
14.2175
14.5638
12.0369
14.9519
14.072
12.9833
12.2443
12.9898
13.4839
14.7938
12.6645
13.6183
13.9218
14.5294
12.803
13.9447
13.334
14.4198
12.6113
14.443
14.9684
13.6711
14.4133
13.5912
13.9604
14.4549
13.4277
14.7156
14.9955
12.7586
14.2189
13.7768
12.6536
14.8672
13.4546
14.2488
14.8133
14.4547
14.8155
14.1751
14.7403
14.9315
13.72
13.1088
14.2441
14.2825
14.2414
14.9048
13.9813
14.4613
14.6751
13.5478
13.8597
13.5007
14.1578
14.1394
13.8052
14.4715
13.3594
14.3082
13.543
14.9145
11.4937
10.9489
14.8088
14.2827
13.9948
13.9345
14.2605
13.9194
13.1048
14.7674
13.0361
14.2281
14.8249
14.8535
13.6332
14.9118
12.2905
14.514
14.8394
14.9225
14.4366
14.1657
14.3136
14.4112
14.7677
13.3693
12.7239
14.4899
14.9817
14.9597
14.6937
14.9307
13.5356
14.4329
14.805
13.5583
14.9529
11.0158
14.0861
12.2098
12.7211
14.5705
13.6321
14.6297
13.3753
14.7657
13.4696
13.0389
13.305
13.1507
12.2615
14.8939
14.3214
14.8702
14.8136
13.8032
13.4583
14.2441
13.4277
14.5992
14.2029
14.8689
12.6911
14.4101
13.9309
14.3294
14.6947
12.4151
10.5513
14.7886
13.6964
12.6578
14.3321
13.1813
14.9514
14.4724
14.7357
12.4459
14.8717
13.2087
14.8408
14.8988
13.0175
13.7633
14.3371
14.759
14.6688
14.9143
12.5404
13.8544
14.8395
13.7977
11.7831
12.9106
14.6898
14.4596
14.4634
12.3153
14.1812
14.3549
13.2891
14.2852
13.0619
13.5868
11.8767
14.1708
14.9723
14.985
12.5063
14.6102
13.3034
12.9345
13.24
14.7714
12.811
14.7968
14.729
14.061
14.8582
14.5008
13.3437
14.2135
14.6289
11.8714
14.2747
13.9056
13.9813
12.9045
14.143
14.2585
14.1747
12.5144
14.2793
13.7253
14.8971
14.8801
14.2061
14.4672
13.7682
14.7236
14.324
14.4147
14.9497
14.1056
12.9895
14.0004
13.4568
14.9042
13.1687
14.1638
14.547
12.7489
14.8393
13.7433
13.7473
14.6818
14.0947
14.3555
14.4674
14.6117
14.5843
13.627
14.7515
14.1378
14.6195
13.2148
12.8934
14.6403
13.025
13.8329
14.8956
12.8627
14.6863
14.7887
13.7902
14.3021
14.2626
14.0929
14.5302
12.8612
13.8918
14.7787
13.2931
14.4118
12.9654
14.7729
13.5262
14.3718
13.4422
14.6079
13.1108
13.7701
14.307
14.7537
14.4717
12.1698
13.4275
13.9119
12.4522
14.6821
13.6365
14.9968
13.5285
11.722
14.1208
14.1986
14.8852
14.4903
14.7823
11.9581
11.3165
14.0337
14.9615
14.9052
14.7096
12.8975
14.5379
14.0694
14.5096
14.0748
14.4961
14.867
12.0882
14.1447
14.0097
14.6749
13.0722
12.9185
13.4517
14.3929
13.9995
13.6444
14.2085
14.423
14.8182
12.9192
14.8312
14.6105
14.4507
13.4541
12.8158
13.8405
14.1886
13.8885
12.5289
12.9964
14.4981
12.9346
14.4155
12.8787
14.4859
13.9878
14.9083
14.844
13.669
14.7101
13.8248
10.4122
13.0342
13.1042
14.0304
14.207
14.0441
14.5419
12.401
13.6596
13.5523
13.4092
13.9618
14.5911
14.6484
13.3805
14.6405
13.0309
14.3084
14.6786
14.0789
14.9512
13.9441
14.7919
14.0416
14.4674
13.3941
13.1846
12.0328
14.0934
14.9258
14.0592
13.2305
14.2361
13.8445
14.6229
14.6292
13.2561
14.1211
14.8553
14.915
14.2228
14.6696
13.0593
12.8804
14.8587
13.8225
14.947
14.8905
14.0844
13.5149
14.396
13.7283
14.4949
14.1324
14.2776
12.7086
14.2312
13.9591
11.286
14.8744
14.3298
14.9562
14.3354
14.6048
14.5587
12.1858
13.2263
13.2553
13.0954
13.2844
13.9883
14.2402
14.1524
13.9041
12.942
13.3534
13.1408
13.2885
14.3048
13.3866
13.7928
14.9344
12.2701
13.8129
14.192
13.5454
12.2873
13.3433
14.2376
14.7253
13.3107
14.2822
13.1216
14.8478
14.3219
14.569
14.341
11.9917
14.154
14.2288
14.5076
13.9812
14.1671
13.6067
14.785
13.6119
14.7487
12.8913
14.8123
13.3415
13.9527
14.8707
14.3032
12.6345
13.7271
13.2431
14.8124
14.823
13.5713
14.1411
14.7686
13.5982
13.0119
14.0947
14.2206
14.9464
14.2951
14.7497
14.8281
14.8731
14.9001
14.8129
14.4283
14.6915
14.5581
14.3779
14.8629
13.1049
14.4397
14.7369
14.9646
13.9332
14.3366
13.862
14.3344
14.99
14.6544
14.9237
14.56
13.9292
14.0518
14.7929
14.0634
14.3473
14.9245
13.805
14.2914
13.9571
14.0673
13.8609
14.258
13.8623
12.6727
14.2507
13.7168
14.8177
13.3942
14.4498
14.6161
13.8542
14.5028
13.2991
14.2699
14.8606
13.3028
14.8298
13.0343
14.4494
13.3762
14.4321
13.7745
13.4418
12.7581
14.9279
14.9783
12.0525
14.6289
14.7689
13.4562
12.6924
13.9976
14.4132
14.5039
13.8174
14.7055
13.4971
12.3546
13.1223
14.9994
14.6223
14.22
14.4466
14.4938
14.7511
13.8046
13.3298
14.5893
14.9943
13.466
12.9764
12.201
13.7344
14.6997
14.7423
13.8047
14.4402
14.1249
14.9134
12.9204
13.3567
14.901
12.2229
14.0459
14.986
14.1967
14.7804
14.1027
13.8495
14.2968
13.8148
14.7759
12.8374
14.5349
14.0165
14.5268
14.4183
14.3606
14.5755
14.7937
13.0152
12.8792
11.4279
14.6565
14.8023
14.734
14.287
14.8299
12.269
14.8288
14.7906
14.1535
13.1873
12.4675
14.9129
13.1472
13.4706
14.8736
14.4917
13.5781
14.5048
14.2659
14.4887
11.478
14.9427
14.6876
14.654
14.7616
14.5086
14.2786
14.2942
14.8589
13.4156
11.4581
14.9011
13.5845
13.297
12.8422
11.5971
14.3132
14.1351
13.846
14.8071
14.731
14.8363
13.8639
12.6759
12.6771
14.8241
14.5157
14.9632
14.407
14.784
14.559
14.0715
14.4111
14.3749
14.6272
14.8925
12.5005
14.7589
14.9531
14.5677
11.7158
14.8284
14.6543
14.927
12.8661
14.8182
12.622
12.1558
13.0574
12.5301
12.577
14.485
14.7693
14.4709
14.5726
14.1851
14.7978
14.7158
14.7197
14.7064
14.5727
13.8111
13.8982
14.2328
13.1646
13.4255
13.0102
14.4083
14.3154
14.1231
12.6528
14.06
13.0933
13.7786
14.4508
14.7862
14.0956
13.492
14.9185
14.97
13.5807
14.7228
14.2897
13.8365
14.367
12.6471
14.7122
13.2585
13.7832
13.9729
14.7137
14.9306
14.4958
14.1264
13.8711
14.3203
14.1453
14.6864
14.6924
12.789
12.9956
12.9939
14.2115
13.0975
11.3953
14.9828
14.5982
14.7022
14.7793
14.7517
14.7578
11.8852
11.7418
11.9835
14.7462
14.7762
12.6807
14.1003
14.8241
13.3288
14.4467
12.5146
13.9983
14.2032
13.2796
13.8034
14.8012
13.9667
14.0996
14.8431
14.2248
14.2836
14.3136
14.3032
13.7141
13.1093
12.076
14.5456
13.8164
11.8867
11.2945
13.0476
14.7981
14.9074
14.4847
14.3004
13.0963
13.242
13.6342
13.7169
13.524
13.6144
13.9887
13.7221
13.9118
13.5434
13.971
14.7503
10.4118
12.6275
14.1409
13.6295
14.7766
14.422
14.9538
13.5734
14.6034
14.6716
14.78
14.5721
14.0991
14.2962
14.4061
14.8304
14.4656
13.2459
12.776
14.1024
14.241
14.7546
14.6117
12.5845
14.7882
13.2485
13.5299
14.4708
14.6281
14.0498
12.3026
10.2002
14.8469
13.1588
14.344
14.5021
14.998
13.2066
14.3605
12.1108
13.1643
14.3601
14.8457
14.7245
13.0811
13.8204
13.8132
14.6466
14.7488
14.9608
12.6932
12.8936
14.6776
13.9189
14.8596
14.2355
14.5259
13.1241
13.4387
14.2649
12.921
13.4463
14.9718
13.8743
14.19
14.3153
13.6132
13.3472
14.3224
14.4104
12.9799
14.2148
14.6281
14.5673
14.1918
13.2074
14.67
14.458
14.3025
14.7052
14.7482
14.9491
14.2378
12.5425
12.4188
14.8553
14.2272
14.5347
12.9826
14.7704
14.7331
14.7124
14.7149
13.9304
14.8824
13.4212
14.0821
13.726
13.526
13.0163
12.9321
12.9238
14.7167
14.5544
14.7347
14.7681
14.355
13.8523
14.8314
14.2787
14.9953
13.5342
14.8852
14.9901
14.0781
13.152
14.766
13.9103
14.9263
14.8257
13.4813
14.3753
13.9351
14.5611
14.5833
14.9831
13.2369
11.8685
14.2608
14.1905
14.8747
14.228
14.7841
14.8002
12.945
13.152
14.4412
12.4078
13.6495
12.856
14.3436
14.4716
14.8693
14.5294
13.7447
12.4576
13.6553
12.9271
12.6369
14.5942
13.8981
14.6943
10.4525
14.3835
14.3653
13.8129
14.6238
14.0833
14.9936
11.7679
13.7602
13.6184
14.4648
13.3515
13.0709
12.6851
14.0571
14.7682
14.4839
14.4478
14.6147
14.1519
14.0142
13.0108
14.195
14.1943
13.7663
12.6811
12.646
13.3267
14.8142
14.1505
14.0808
12.8384
14.9027
12.9357
12.894
14.7301
13.7369
14.5288
12.8346
13.8887
13.6818
13.0365
14.1636
14.5999
14.2327
14.6911
13.8384
13.6648
14.2825
11.7332
11.9141
13.7543
13.5146
14.2494
12.1682
14.4224
14.2827
14.0573
14.7739
14.1329
12.7427
13.2309
13.5584
14.5835
13.6606
13.1604
14.0156
14.6764
13.1912
14.7731
14.3682
13.3767
12.7332
14.3961
13.8254
12.2595
14.502
14.5284
12.9886
13.7135
14.8235
13.4108
13.7682
13.1884
14.0089
13.757
14.9267
13.0021
14.0405
14.4839
13.71
12.07
14.1363
14.089
14.2757
12.9462
14.1745
12.8095
13.5303
14.9045
14.8303
13.5819
14.9978
14.8785
14.6363
14.3062
12.6871
14.6763
13.0757
13.9717
13.5284
14.6235
14.5884
14.4024
14.8982
14.1165
14.357
14.2951
12.3448
14.5766
14.5128
14.2638
13.4536
14.3134
12.3697
13.1598
14.858
13.7512
14.0553
13.9993
14.4647
12.9976
13.569
14.1841
13.5006
12.8199
13.8701
14.1053
13.1149
13.0897
13.1668
13.9585
13.6184
14.8392
14.109
14.9702
13.3131
14.0743
13.4675
14.7456
14.9628
13.8597
12.509
13.421
14.404
13.0565
14.0117
14.7797
12.8344
12.9355
13.4199
13.9446
14.7195
14.281
14.4654
13.629
14.43
14.9515
14.6683
13.5089
13.7752
14.6202
13.2866
14.9789
14.5729
12.8554
14.438
13.4181
14.7051
14.7051
14.298
12.6658
13.0228
14.0967
14.6232
14.8489
14.1293
14.8746
14.293
13.6984
14.332
14.551
13.3894
14.0608
13.2467
13.6547
14.7855
13.404
14.9637
14.0552
12.5264
13.8421
14.8432
14.9419
14.455
12.6434
13.534
14.4975
12.914
14.0472
14.4346
14.7249
13.7673
14.746
14.3638
14.3847
13.1274
14.9592
14.5112
10.9555
12.9308
14.5623
12.9995
14.3745
13.7559
14.1664
11.379
14.6369
12.8404
13.7219
14.0106
14.3614
13.4918
13.4201
13.4165
13.2758
13.0779
14.3468
13.6011
12.6437
12.442
14.2822
14.9433
14.0925
14.3016
14.669
14.3428
14.8994
14.7612
14.9558
13.2465
14.2256
14.6762
13.8526
14.555
14.6576
13.1583
13.7832
14.9362
14.5867
14.933
14.9529
13.8404
14.4917
13.2226
14.5527
14.0489
12.6744
11.0309
14.6829
12.9274
13.1114
14.306
14.5451
12.5827
12.0052
13.8704
14.3268
12.8693
13.3701
13.1866
14.8273
14.2802
14.6598
14.4461
13.3276
14.6599
14.6909
13.7787
14.7276
14.5269
14.7305
14.5686
14.7435
14.4088
14.8962
14.8576
13.4591
14.2911
14.332
14.6703
14.6671
12.9827
14.1682
14.9868
14.4846
11.2325
14.5357
14.7474
13.9754
14.3552
14.9119
13.001
14.1111
14.1721
12.7343
14.3218
14.511
14.642
12.7906
13.8598
13.9404
13.0156
11.1827
13.1999
13.9049
14.9546
14.8241
14.0818
14.8365
13.6341
13.1089
14.4788
14.7248
14.3591
14.1766
14.6299
14.727
14.3623
14.8829
14.3773
12.8391
13.2855
13.1607
14.2112
14.3452
13.5548
13.5395
14.4319
14.6848
12.9771
14.2856
14.5005
12.0006
12.5213
14.0187
10.2
14.0678
14.5269
14.5443
13.7649
13.9474
13.3529
13.7216
13.5408
11.4888
14.1015
14.4983
14.3566
13.9423
13.875
13.9291
13.9279
14.9005
14.733
14.1923
14.364
11.8859
14.5105
14.7055
12.6104
14.1194
14.7611
14.0595
14.8143
14.3898
11.6482
14.7601
13.7749
13.5138
14.9506
13.7837
13.5538
14.6175
13.0593
13.787
12.9797
12.6726
11.9953
14.9513
14.8059
14.1787
13.2998
14.4561
14.3307
12.6227
14.43
14.9403
14.3672
13.4832
13.7221
14.4235
13.3265
14.0717
14.2387
14.081
14.2843
14.6175
14.4446
13.5223
14.6995
14.0463
14.7905
12.2926
14.1716
14.5528
11.5903
13.7348
12.1268
14.8718
14.3336
14.4352
13.5129
14.3004
14.2067
12.0661
12.5737
14.3351
14.3984
14.3684
14.1407
14.8272
14.7477
14.3977
14.4006
14.9714
14.7755
14.6265
14.1074
13.9258
14.224
14.5902
13.1597
12.8965
14.819
14.5151
14.503
14.8329
14.5786
13.6395
14.6312
13.1381
13.9114
14.0695
13.8997
12.7482
13.1469
14.8023
12.7767
13.7727
11.6327
14.926
13.1196
13.6634
13.2755
14.1739
14.541
14.0908
13.9744
13.2497
14.8484
14.8545
13.5164
12.0068
14.2325
14.0851
13.9203
14.27
13.1655
13.2386
14.2833
14.4608
14.8433
14.3218
14.6792
10.8944
14.4295
12.9674
13.6971
14.1574
14.6493
13.1368
14.9334
12.9292
14.1776
14.1459
14.6607
14.8454
14.9919
14.1899
12.6489
13.3722
14.4175
11.0583
13.8973
14.2828
14.5877
14.8789
14.8324
14.2517
13.8804
12.9188
14.7007
14.1458
14.7076
14.1487
14.2014
13.586
14.6711
14.7634
14.5698
14.9244
14.3791
13.1196
14.1025
14.5448
13.0698
14.0327
13.6488
14.1066
13.8503
14.9572
12.9799
12.9136
14.812
12.4082
12.6688
14.3645
13.6842
13.9442
10.3743
13.443
14.8639
13.8297
14.3026
14.8383
13.9262
11.9969
13.002
14.7617
14.1269
13.8981
13.7145
13.6813
14.3507
14.4774
12.8645
14.644
13.9582
14.7951
14.6756
12.3215
12.9059
13.2201
14.7685
13.2928
13.495
14.5535
14.17
13.4939
13.2327
13.7818
14.0478
14.4856
11.984
14.4235
13.4614
14.9152
13.6237
14.7484
14.0547
12.9014
13.9139
13.4269
14.6581
14.1421
13.6486
12.3337
14.9734
13.4827
14.2726
12.0123
14.067
14.7601
14.848
14.0652
14.2443
13.9155
12.3582
14.605
14.7612
14.8904
13.0002
14.7534
14.4743
13.3313
12.4976
14.4732
13.8368
14.901
14.1318
13.829
13.5786
14.0485
12.5693
14.9148
13.8905
14.0747
14.0612
13.3114
13.9274
11.9188
14.6972
13.6286
14.1336
14.8041
13.1738
14.3485
14.5163
14.8885
10.9769
14.8936
13.4079
14.7883
13.7956
14.1551
14.3593
13.9003
13.6952
14.8186
14.3758
14.321
13.6834
13.4402
14.4905
14.1974
14.3638
14.1351
14.019
13.9561
14.2658
12.7602
14.903
13.0175
13.6947
13.8656
12.7748
12.9532
14.819
14.5284
14.4841
14.4563
14.1906
14.5175
12.8294
14.9008
14.863
13.7128
14.6253
14.9401
14.7964
13.9385
14.5475
14.287
14.3268
13.5267
12.775
14.5381
14.212
10.4622
14.1961
13.5733
13.2301
14.4983
13.759
12.3222
13.9014
13.6981
14.4207
14.6337
14.1597
14.8003
12.6786
14.9935
12.5641
14.3664
14.4266
13.2048
14.8629
14.8187
14.9023
12.5425
14.8414
13.0974
13.2846
14.3717
12.6807
14.0067
13.9471
14.4148
14.7557
14.939
13.8348
14.824
14.56
12.6672
14.4013
12.8091
13.6718
12.5575
14.7186
14.2264
13.9476
12.4983
13.0718
10.1574
13.8651
14.7738
14.9037
14.1957
14.0729
13.9413
12.9555
13.1951
13.4095
14.9617
13.9224
14.0698
14.8852
14.9263
14.5618
14.8288
13.7235
13.891
14.1899
13.5408
14.4499
14.7637
13.9659
14.52
13.2745
13.4343
12.6911
14.1302
14.6667
14.8049
11.4669
14.75
14.9156
13.2112
13.8529
14.974
14.4854
13.3828
14.9377
13.8797
14.2281
14.4301
14.5227
13.8378
12.15
13.3512
12.071
14.8814
13.8279
14.6828
14.749
14.7924
13.5165
14.8439
14.6675
14.3568
14.658
14.9102
14.1912
14.07
13.8272
14.5405
14.0122
13.4011
13.0122
13.8986
14.5234
14.1642
12.8551
14.1992
14.6475
13.6916
13.9118
14.5977
13.0626
12.4057
14.3539
14.5223
14.2648
14.3385
14.6268
13.8362
14.9938
12.1421
12.4613
14.8366
13.5778
13.5044
12.829
12.2114
11.3697
14.9918
13.8188
13.6592
14.4231
14.4004
14.4862
14.8207
14.2874
14.4487
12.9116
14.4944
14.234
13.0722
12.2705
11.7941
14.0621
12.7271
12.6094
13.833
13.9853
13.2545
12.8131
14.7395
14.8376
12.7247
12.1421
13.9565
14.1653
14.0745
13.974
14.7404
14.7839
14.2254
14.006
12.8769
13.2869
14.933
14.0174
13.8229
14.7662
14.8959
14.9901
13.1842
13.5449
13.6488
14.6909
14.6956
14.364
14.062
10.8325
12.9997
13.1683
14.4597
13.9376
13.5476
13.9145
14.7301
14.7903
11.1442
13.8258
13.0378
14.2249
12.6454
14.1139
14.3651
12.6036
13.324
14.7834
13.0227
14.5399
12.5049
11.1826
13.5121
14.6817
12.4211
13.4842
13.9237
13.048
14.5465
14.042
13.3733
10.0619
14.0121
12.8162
14.5709
13.4554
14.4073
14.0438
14.995
13.7509
14.8169
14.8587
11.9893
14.8422
14.1933
14.8416
13.0813
12.5656
14.5354
14.2136
14.8328
14.515
14.8467
14.2398
13.3403
12.5566
14.0562
14.1529
14.713
14.7559
13.5814
12.7845
13.3831
12.5069
14.0576
14.0985
14.0022
14.2085
14.0675
14.1101
13.7477
13.3111
14.435
13.923
13.584
13.5366
13.5161
14.1479
11.2542
13.4995
14.9549
14.3816
14.5549
14.6503
13.5692
14.0832
14.6708
14.7611
14.6837
12.6999
12.9782
12.4447
13.7409
14.419
12.651
14.9521
14.8689
14.6392
14.4139
14.4978
10.7313
14.3947
13.1992
10.9235
12.3682
14.2637
14.9479
14.8339
14.6324
13.2859
13.5653
13.9732
13.4884
13.4378
14.5435
14.1793
12.7496
14.8478
14.4039
14.9865
13.22
12.9141
13.1946
14.7874
14.2445
13.5348
14.5726
14.6309
14.5006
14.5038
12.6947
14.3418
14.6277
14.2808
13.6134
13.7525
14.6978
14.3251
13.2639
13.2613
14.844
13.683
10.6723
14.8597
14.3346
13.5532
13.2384
14.3063
14.9084
14.2864
14.3825
12.0003
13.5174
14.9886
13.7422
13.8245
13.6772
13.841
14.638
14.3818
14.2272
13.6959
14.0045
14.8846
14.7842
14.7866
12.8814
13.6685
14.8423
14.2953
14.3819
13.835
14.2601
14.6412
14.6054
10.1214
14.5294
13.8272
14.9576
13.5
14.5741
14.709
13.8056
13.6715
14.7944
14.6866
14.5114
13.0344
13.9287
14.2094
14.5049
13.247
14.4806
13.0755
13.7254
14.6367
14.5908
14.7498
13.2749
13.0425
14.8954
14.7995
13.4115
12.5554
14.8069
13.9266
14.0671
13.7167
14.4788
13.6282
13.2023
14.7168
12.5689
14.9264
13.7822
13.9808
14.2222
13.5832
12.4223
14.786
14.9678
13.5311
14.4767
13.6108
14.758
14.6555
14.2909
13.743
14.2473
14.935
14.3091
14.2839
14.1529
14.4063
14.5938
13.1589
14.1765
10.8474
14.7847
14.0606
14.1608
14.5877
14.4201
14.429
13.8342
13.9561
14.9921
13.4471
12.6143
14.6397
14.2196
14.2014
14.9361
13.1578
14.9288
14.1886
13.016
14.8716
13.9817
13.3939
13.4751
14.905
13.7147
14.1096
14.9785
11.9801
13.2401
14.8647
13.518
14.9488
14.0394
12.5662
14.5142
14.3131
14.177
10.6531
14.8172
13.3556
12.8355
14.4331
14.7747
14.9413
12.3435
14.3869
14.1727
13.3905
12.0796
13.1826
14.9493
14.3036
12.8917
14.2612
12.9676
14.4822
13.9714
14.3449
14.0024
12.6049
12.405
14.8411
13.7553
14.5139
12.5766
13.6635
14.8655
13.3969
14.1729
11.7578
14.7717
13.6061
13.6461
14.5514
13.4443
14.9902
14.5717
14.461
14.2183
14.1142
12.5288
14.1948
14.5776
13.1978
14.3723
14.2556
13.6753
12.3704
14.6709
14.9285
14.4327
13.9429
11.9738
13.9974
14.9691
12.5576
14.3463
13.0755
13.3992
14.1393
11.9565
14.7404
14.1864
14.9169
13.3969
13.361
14.5934
13.8221
14.0503
14.6226
13.2491
13.802
13.8017
14.7357
14.4839
14.8069
14.9112
14.501
13.3624
14.8504
14.2611
14.7468
13.8518
12.8662
13.1476
14.5129
14.1851
13.7857
14.5203
13.5247
14.2596
13.1274
14.7305
14.5914
13.5819
14.516
10.4314
14.3868
14.4859
13.9802
13.4137
12.442
14.3608
14.7578
13.4079
14.6484
14.7419
13.5186
14.5132
14.4427
14.7258
14.794
14.7677
14.2062
14.9771
13.6119
14.1905
13.1882
14.0119
12.4722
14.0563
10.8644
14.1959
13.725
14.8566
14.9615
14.0886
12.5003
13.7219
14.1726
13.8264
13.3824
13.8474
14.7862
14.5498
14.7689
13.6467
12.7147
14.438
14.8696
13.4275
13.6575
14.883
14.1075
13.5553
14.9127
14.5559
13.8547
14.4233
13.6876
13.1378
13.8
14.871
14.799
13.2208
14.4165
14.4234
14.5506
11.9301
13.7569
14.9325
13.5576
14.4011
12.9846
12.5485
12.504
13.4028
13.8575
14.314
13.7906
13.9375
14.4834
11.975
13.4057
14.6658
13.5079
14.4437
13.1145
14.5242
13.7266
14.6716
13.9109
14.7183
14.2951
14.8872
13.2913
14.5122
14.91
13.2714
13.7841
13.8062
14.4273
14.1795
14.3768
12.5601
11.8689
14.336
13.1383
11.6803
13.472
14.2213
13.7349
13.455
14.1097
14.7955
13.5826
14.6287
11.6679
14.7098
14.3066
14.7289
14.1785
14.7195
14.9144
14.8125
14.0144
12.4535
14.0531
13.9403
13.8542
14.0403
14.6714
14.9268
13.3937
14.9447
13.6352
12.4421
13.6075
14.5371
13.8303
14.4273
13.4722
14.8576
12.4951
14.608
14.3892
14.7455
12.1444
13.026
13.3001
13.7773
13.8033
13.9216
13.549
14.5834
14.3951
13.8659
14.9819
12.2867
14.0189
13.0819
14.4067
14.2684
14.836
13.2746
13.3889
14.9819
14.1486
12.6974
12.1472
14.6917
13.908
11.5338
13.2679
12.7546
13.4312
14.4431
14.8434
11.3799
14.4281
14.0927
14.6838
14.0501
14.4878
12.1737
12.869
14.5761
14.9121
12.8877
12.4757
12.3
14.5385
13.1268
14.7451
14.9475
14.6088
13.5974
14.9916
13.3701
14.9868
14.4332
14.6962
11.8383
12.8485
12.5367
14.0042
12.9881
14.7201
14.5624
13.6033
14.1654
14.9262
14.0291
13.8839
14.1918
14.6414
13.6024
14.2896
13.5388
14.9696
14.5106
14.7121
13.7671
13.6397
14.2704
14.6853
14.5758
14.2287
13.4829
13.1294
13.3479
14.5518
13.6747
14.1631
14.0305
14.1481
14.9502
14.5322
14.951
14.7588
14.3668
13.3737
13.6543
13.0874
14.4287
14.7043
12.6115
14.3449
12.9489
14.7403
14.8127
13.1393
13.5138
14.6021
13.9422
13.9788
14.6252
14.9793
13.0477
14.6835
14.7908
12.1135
13.5515
13.9115
11.2287
14.3222
13.7529
14.7319
14.2346
14.9793
14.0498
14.6321
14.7103
10.8336
12.9217
13.8184
14.4049
12.3054
14.7299
13.2712
13.5954
14.6303
14.4724
14.5579
14.8249
12.7147
13.42
14.5807
12.1921
14.3182
13.1959
14.6298
10.6213
14.8603
13.7248
12.8069
13.851
14.7229
13.2271
13.4931
14.4141
14.6231
14.3335
12.4263
14.9502
14.5857
14.959
14.5953
13.8676
14.5606
14.8443
14.6267
14.5479
13.1274
14.5067
14.9359
14.2894
14.631
13.97
14.3659
14.243
14.8674
14.8643
13.8666
14.355
14.1038
11.9843
14.9801
12.8925
14.1192
13.5007
13.7861
11.8127
14.3155
14.3118
14.7959
14.8863
14.8975
13.8092
14.4762
14.1098
13.155
14.611
14.1843
13.8666
14.7964
13.5586
11.5727
14.3294
13.4957
13.6036
14.0096
13.7242
14.7803
13.9745
12.2068
13.5554
14.9891
13.2279
14.3921
12.6315
13.177
13.624
14.9959
13.0183
14.351
13.8148
12.5843
14.4796
13.306
14.2682
14.6593
14.4785
13.8119
14.2084
13.5002
14.7124
14.5964
14.4008
14.3025
14.6595
14.5802
14.8789
14.071
14.3462
12.6091
14.8544
14.5494
12.9868
14.0804
14.5491
13.6542
14.902
14.319
14.9665
14.8839
14.4261
13.8663
13.3581
14.6348
14.028
12.2068
14.0425
12.8456
14.7123
14.7424
14.3943
14.0223
13.1808
14.5751
13.7528
14.843
13.7825
14.7741
14.6524
13.3389
14.3615
14.2952
13.9467
14.3007
13.2706
14.7853
12.8106
14.4074
13.0327
12.8401
12.3296
14.3625
13.6913
13.2987
14.7146
11.6024
13.3563
14.871
14.3959
11.1472
12.2122
13.7498
14.9335
14.0189
14.935
14.3052
12.6436
13.5441
12.8373
14.8166
13.019
14.3464
13.4535
14.2143
11.5821
14.8897
13.2848
14.5286
14.1861
14.5484
13.779
14.254
13.4127
14.1724
14.5931
14.9302
13.1795
12.9217
14.2648
14.9493
13.7454
13.4322
11.7019
13.6309
12.1821
14.5064
14.2483
14.4401
14.7588
12.9424
14.695
14.0823
14.3777
13.165
11.5839
14.8639
14.6015
14.6306
13.6454
12.5571
13.1255
14.5459
14.913
13.1741
14.7651
14.0841
14.705
12.7673
14.698
14.9299
14.6716
14.2426
14.4606
12.5411
14.7167
13.7674
13.5057
14.0283
14.7165
13.9019
14.1242
14.2962
14.3336
13.21
13.8738
14.9021
14.2263
14.434
14.7539
14.9831
13.924
14.518
14.6162
14.2722
13.7291
13.5721
14.6345
14.6588
13.9573
13.4259
13.2815
13.2256
13.9409
14.8658
14.6961
14.8905
13.0784
14.2667
14.6798
14.6236
14.5591
10.3439
13.8573
13.8648
13.7361
14.4447
14.968
13.7546
14.6999
13.0521
14.3734
14.1325
14.4766
14.862
11.945
14.5088
13.9151
14.9735
13.1997
11.8255
13.7336
13.6647
13.5553
13.149
14.3205
12.7143
13.1365
14.6277
14.5824
13.4211
14.9274
14.0458
14.6674
14.1065
14.7344
14.7969
13.0853
13.6213
14.9298
14.5777
13.6095
14.4124
13.2854
12.2572
13.9767
14.9986
14.0684
12.88
14.4687
12.5726
14.2448
13.3699
14.7394
13.0744
14.4409
12.5234
14.3859
14.0183
14.6503
14.99
14.1319
12.9152
14.2899
13.8506
14.7174
12.7484
14.6012
14.986
14.9857
13.5191
14.1064
12.7792
14.8683
14.7257
13.5248
13.7464
13.2967
14.395
14.9026
14.0478
14.2247
14.9498
14.6418
14.6321
12.6877
13.1353
13.5853
13.4696
14.695
14.7624
14.4807
13.9847
14.6171
14.084
12.5914
14.8275
14.4545
14.2735
14.5685
13.152
14.1543
14.829
12.7331
14.8689
14.0422
11.2445
14.2406
14.8291
13.8825
12.8037
11.7311
14.0345
13.4809
13.5447
14.8587
14.2542
14.7161
14.6013
14.4384
13.869
14.0198
13.0438
14.2013
14.6259
14.8444
14.1326
13.8609
13.3286
14.9003
11.9055
13.6803
12.3416
14.4501
14.207
12.6262
14.8395
13.4523
13.8677
14.4527
14.2177
14.8244
14.4373
13.6523
14.2583
14.6446
13.3028
14.3345
14.6735
14.9697
13.2594
14.4332
12.8267
14.0706
13.9758
14.4987
14.8821
14.9946
14.4589
14.7208
14.8839
14.8799
13.576
13.0243
13.4552
14.5757
14.1586
14.6531
14.0227
14.207
13.9968
14.8074
14.4761
14.1496
14.627
14.8149
14.6561
13.4858
13.3441
14.9617
14.8484
14.3867
14.5175
13.5336
14.5874
14.5583
14.5991
14.9863
14.9337
13.285
13.9555
14.023
14.8888
13.9832
14.9709
12.9178
14.4542
13.7164
13.6253
13.2941
14.5893
14.4333
13.045
14.4691
11.501
14.9296
12.6821
12.6898
12.3562
13.0975
12.3417
14.2159
14.0755
13.2885
13.8638
13.1711
12.9237
14.5961
14.196
14.7271
14.4446
14.8738
13.2914
12.1584
12.9955
14.6245
14.2518
14.3024
14.9744
14.5819
14.0636
14.9683
12.5101
13.3607
14.9685
13.4191
14.1836
13.9678
14.4542
14.1458
10.6121
10.3974
14.7682
14.0353
13.3754
10.9403
14.0085
14.1929
14.8066
14.4621
13.612
13.7097
14.6412
14.8299
14.638
14.4967
13.6432
13.5161
14.9275
14.7766
13.9699
14.5539
13.6059
14.0737
14.9312
14.2919
14.536
12.302
14.9723
13.4177
11.6939
14.1543
14.9231
14.8493
13.6584
14.0804
14.5292
14.4598
13.2892
13.7102
14.8485
14.7163
14.5636
14.4925
14.4685
14.3353
12.7496
13.6043
14.7551
14.2114
14.1989
14.1546
13.7357
14.547
13.8497
13.3048
14.0867
13.1491
13.6825
14.7878
13.2296
12.2338
13.7591
12.7173
14.8189
14.3028
14.0924
14.9058
14.608
14.1225
14.5972
14.6855
14.8003
14.4355
14.079
14.0352
14.4582
13.8986
11.8815
14.8655
14.7869
14.8279
14.6548
13.807
14.0625
14.3662
14.7593
14.9565
14.3146
12.6646
14.2406
14.0367
13.8186
13.1505
14.7049
14.9944
14.5432
14.3863
10.9128
14.357
14.3752
14.8898
14.1602
14.8993
13.7659
12.9754
12.9456
14.6024
13.0525
13.6948
14.2944
14.7819
14.3134
13.4227
14.0566
14.7759
14.3251
14.9513
14.8319
13.5048
13.8722
14.8433
14.5339
14.7226
13.4543
14.8336
14.3825
14.6677
14.401
14.7367
14.251
10.7515
13.9934
13.9881
14.5198
14.5269
14.8576
14.4292
14.5853
13.3885
13.7678
13.4151
13.5653
13.3538
14.3053
14.3674
11.8417
14.5847
14.8178
13.5448
14.3771
14.1458
11.9994
14.0211
13.7899
12.9657
14.6183
13.9611
14.6806
14.3288
13.1979
13.1321
14.7357
13.2639
14.867
14.5132
13.0831
14.2903
13.9943
14.6999
12.832
14.9689
10.0906
14.4181
13.3441
14.8267
14.7398
14.8715
13.6265
13.9327
13.5074
14.5429
14.6619
14.2137
14.3187
14.6648
12.12
14.6692
12.5632
14.2861
14.5633
14.7452
14.4738
14.7761
11.968
13.6743
13.8516
13.2754
13.7267
14.5354
14.0217
14.1669
13.1893
14.9905
14.2304
11.764
12.1775
14.6103
13.6007
13.5883
14.3962
14.7029
13.9852
14.2993
13.2509
13.8848
14.9338
14.7876
12.7935
14.7438
14.3539
14.758
14.7309
14.5701
13.3487
12.9771
13.3637
14.7763
14.2692
12.0394
13.6096
14.0111
13.5286
13.1654
13.6742
13.9889
14.3391
12.9312
14.246
13.6805
13.5889
13.9177
13.7985
14.238
12.4768
12.5113
13.0794
14.7869
12.7345
12.7599
12.8193
14.5023
14.6089
13.0786
14.5874
14.7404
13.0444
12.2386
13.2584
14.2464
13.2273
14.6807
12.8577
14.0138
13.4749
13.2954
14.0385
14.171
13.883
14.6629
14.7921
13.8569
14.758
13.4408
14.2753
13.2475
12.5943
13.8955
14.824
11.4837
14.2801
13.1101
14.1569
14.4833
13.3322
14.7674
12.7376
13.2053
14.9619
14.7571
13.8836
14.33
14.1956
13.8715
12.9174
14.0973
13.2502
12.4504
14.4738
13.7831
13.9821
14.9811
14.2141
14.7951
14.9685
14.8538
13.0907
14.6877
12.7827
14.2982
13.8835
14.3336
13.0221
14.4572
13.8625
13.0133
13.5657
14.8334
13.3507
12.7898
14.6475
14.0493
13.8404
13.8945
13.5412
14.071
13.8197
13.1975
14.4617
12.9878
14.7204
14.1832
13.9669
14.2911
14.115
14.2947
13.3873
13.3576
13.6509
14.1587
14.6747
12.7597
13.2256
12.7961
14.2832
13.3901
13.5871
14.8848
13.3655
14.6442
14.1195
14.0124
11.4941
14.854
14.1627
13.967
14.5724
14.4519
14.8354
14.9122
14.7024
14.9752
13.0275
14.2536
13.9136
12.9547
10.6006
13.8172
13.3194
13.0034
14.0992
14.1727
14.8286
14.5233
14.1235
13.1918
13.0545
14.7944
13.9882
13.9866
14.2303
14.1296
12.6615
13.7385
13.4653
14.9735
14.2887
14.4983
14.5472
14.7561
14.3619
13.6444
14.7689
14.8867
13.9508
14.754
13.9432
14.8652
12.0276
13.4352
11.1028
14.9898
14.1674
14.5371
14.7081
14.719
14.3879
14.493
14.8202
13.7453
14.3072
14.7851
14.2605
14.4084
14.1512
13.8097
14.4596
13.7402
14.8806
14.5131
13.7424
14.9237
13.1425
14.7945
14.9083
14.5126
11.5646
12.543
13.9974
14.9839
13.312
14.1441
13.8345
12.7994
13.1142
14.6381
13.2209
13.1212
13.0312
14.8452
12.9873
14.9885
14.4974
14.666
14.971
13.3385
14.8843
14.4643
14.9854
14.6006
14.5657
13.9713
13.265
11.7455
13.4795
13.175
13.9218
14.2743
14.5987
14.224
14.3182
14.9954
11.9431
13.8212
13.2337
11.1936
13.1701
13.2926
14.5332
11.7915
13.9008
13.5102
14.706
10.9842
14.7646
13.6571
12.9567
12.3084
14.7833
11.7288
14.636
13.5873
14.6609
14.8807
13.5291
14.7927
13.7906
13.5257
13.4644
14.3064
13.0107
14.2876
14.7039
14.8938
13.5562
13.616
14.3362
13.0198
14.0444
13.6933
14.5221
13.5859
12.9306
14.8339
13.9598
14.9642
13.6372
13.8114
11.3101
14.8762
14.9424
11.3411
13.6297
14.7074
12.8513
13.9003
12.8225
13.6897
14.3055
13.2568
12.4208
13.3509
14.5095
14.1225
14.6123
13.1101
13.7943
14.2175
12.7902
14.9997
14.4773
14.901
14.992
13.3017
14.7474
14.102
14.831
14.5468
14.86
13.7821
13.4739
12.8393
14.507
12.6314
14.7748
14.3933
13.7942
11.9797
13.9657
13.419
14.2426
13.8481
14.8065
12.9908
14.722
12.2205
14.7254
14.9841
14.9611
14.0562
13.8399
14.8186
13.5011
13.0966
12.8038
14.5184
13.6369
14.6079
14.1558
12.8618
12.8674
14.5675
13.5181
14.632
12.7282
14.7971
14.2981
13.335
13.9275
12.91
11.4836
14.0326
12.7625
14.7762
12.6252
10.9695
14.2643
13.7557
13.1146
14.6822
13.1034
14.9462
14.1885
14.4253
14.8243
14.3846
13.2654
13.5155
14.8201
12.9107
11.6639
13.8714
11.7858
12.9501
14.4189
11.2319
14.8478
13.9868
14.4028
14.4672
13.1737
13.3302
14.8797
14.5979
14.4664
14.8046
13.6674
12.9435
13.0275
13.9959
14.042
14.8492
14.4146
14.2643
14.7066
14.2725
13.2746
14.6612
14.7285
14.6043
13.0664
12.8918
14.1935
13.7779
14.2467
14.9392
12.121
14.3112
14.0531
10.0719
13.7833
14.3845
12.6462
14.7854
13.1152
14.7781
14.4894
12.3192
14.0972
13.4531
14.0435
14.8059
14.6056
14.2965
11.4569
14.7291
14.6582
13.1069
12.7129
14.3776
13.3881
14.4694
14.0854
14.5288
12.4941
12.6117
13.5965
13.9648
14.8837
13.9824
14.6129
14.882
14.3412
13.5364
14.1184
13.6915
14.5592
14.9302
13.2855
12.9623
14.7524
14.9814
12.7025
14.3665
14.0881
13.5416
14.5029
13.5779
13.3577
14.7544
14.0405
14.5905
14.3863
14.8629
14.3097
13.8823
14.9063
14.2071
14.5244
11.6319
14.7435
14.7981
14.5057
14.0707
14.276
14.3825
14.5378
13.8946
13.859
14.6969
12.7783
14.07
14.018
12.9786
14.8288
14.864
13.832
13.3598
12.2632
14.4309
13.2288
14.7756
14.5352
13.1768
14.2786
14.4037
13.3817
13.9632
14.1735
13.0432
12.858
14.1097
14.3933
13.3613
14.7839
14.9231
13.2206
13.376
13.5134
13.9689
14.4243
14.8034
14.8643
14.0404
14.2052
12.1768
12.9581
14.5819
14.8438
13.8309
14.3741
14.2892
14.9539
14.4723
13.867
14.5044
12.6336
12.103
13.3048
14.6669
13.9761
13.2902
13.6888
13.7566
13.9332
14.5148
14.5762
13.5606
11.991
12.8892
14.0908
10.9426
14.7312
14.8026
14.8175
14.3351
14.5369
14.2567
14.4859
12.4517
12.3334
12.4935
13.1773
13.9878
14.921
14.2732
14.1509
14.8074
14.2542
14.7382
13.8419
14.346
14.7545
12.7174
14.4485
14.7657
14.3695
14.2841
14.2155
13.2714
14.081
13.5854
13.8472
14.9364
14.6909
14.4978
13.7252
14.3583
13.2642
14.6652
14.1968
14.9184
14.8681
14.1094
12.9386
14.2691
13.2399
14.6893
14.789
14.1751
14.9918
14.8307
13.7383
11.951
14.7169
14.9375
14.2464
14.7135
12.7421
14.7594
13.4656
14.383
13.1969
13.0995
13.6774
14.4867
12.2622
12.8139
13.5527
14.7482
14.2387
13.1117
12.4731
13.71
14.6653
14.078
13.1042
13.2211
13.6456
13.048
14.7808
13.0591
14.8181
13.2433
14.4496
14.313
14.2681
12.852
12.5167
14.8145
14.8567
12.838
14.3452
14.5616
13.2689
13.2521
13.7845
14.2697
14.2208
14.9388
14.4631
13.2804
13.947
14.826
13.0353
13.1455
13.36
13.3731
10.83
14.0342
12.9179
13.7411
13.2857
13.9525
14.7884
13.9614
13.8608
12.4707
13.0333
12.8223
14.7084
13.7789
14.1774
14.3006
14.92
13.7774
13.0731
14.9926
13.1064
14.3375
14.0149
14.0294
14.6994
14.0118
14.1718
14.1334
13.5761
12.2603
14.2725
14.7543
14.6937
14.448
14.3889
14.0586
13.3242
14.7269
14.576
14.8745
14.899
13.1362
14.6772
13.4514
13.3539
14.7449
14.787
12.2538
14.8835
13.8123
14.8333
14.3814
14.5002
14.8379
14.916
14.7626
14.7626
13.1302
14.8999
12.6901
14.6647
13.6604
13.0176
13.7436
13.4762
14.6903
14.6339
14.9648
14.2803
14.8593
14.8945
14.2248
13.9245
14.3277
13.4335
14.7019
14.3637
13.5901
13.2563
14.4871
14.0637
14.1001
14.5515
14.8312
13.8033
13.5063
13.7045
14.3289
12.0231
14.43
14.8053
13.2106
14.4971
13.4812
14.6655
12.8568
14.9811
14.4152
13.169
12.628
14.8868
12.7885
14.0081
14.3028
11.0146
14.5418
14.266
13.9907
14.7354
13.3365
12.7405
13.6863
14.9495
14.8584
14.2889
14.2705
14.6033
13.7899
13.1606
10.9726
12.5571
13.1264
14.8587
13.0741
14.3722
14.7253
13.3362
13.8685
13.9094
13.5596
14.2006
14.3932
14.3162
14.828
14.5973
14.7487
14.851
13.8676
14.7441
14.298
14.0409
14.2836
11.0723
13.7008
13.4565
13.9475
14.2796
14.1021
13.9552
12.8399
14.3929
14.4785
14.1666
14.9093
14.3756
13.1697
13.7899
12.8244
14.9373
14.3564
14.2838
14.1532
13.0546
13.6965
14.255
12.5367
14.8403
12.2581
14.2437
12.767
13.4661
12.3235
12.3373
13.5896
12.8365
14.7354
14.7098
12.7976
14.6788
14.4814
12.6415
14.8578
14.3917
14.2653
13.674
12.8162
14.8572
14.7666
14.762
13.3927
14.1959
14.522
14.2803
12.376
12.5357
14.1238
13.6361
14.8376
13.7087
12.706
14.741
14.9597
13.9477
13.2892
13.4488
14.2859
14.3486
13.4303
13.3185
14.7143
14.7673
13.9902
13.8747
14.9663
14.1621
11.9929
12.5536
14.6545
14.9003
14.9814
13.582
14.0973
10.08
14.1285
13.726
12.5436
14.0819
13.8305
13.6528
14.9626
14.4026
12.2796
14.8681
13.8424
13.6351
12.3472
13.4759
13.9633
12.9075
14.3864
14.0929
14.3997
14.2064
14.8638
14.5792
13.9154
14.9358
14.1984
13.5888
12.9973
14.1721
14.8914
14.3367
14.0225
14.4872
14.6697
14.9352
12.3949
13.0604
13.7268
12.5572
13.92
13.5991
14.8565
14.5319
14.5225
14.8408
12.4418
12.1128
14.6297
14.9069
12.5378
13.2004
14.0762
13.2589
14.9502
14.3075
13.0434
12.3606
14.7767
14.9639
14.1151
13.3438
13.5092
14.9765
14.2639
13.4365
14.2002
12.9803
13.0836
14.0196
13.7243
14.6563
13.4909
14.3688
14.359
13.4611
13.5536
12.9972
13.0119
14.4217
14.8436
14.7112
13.0182
12.9568
14.3774
14.8595
14.9487
14.2511
14.5237
10.1261
14.6997
13.8962
14.2676
14.009
14.9401
14.3667
13.7446
14.8233
14.748
12.8965
14.858
13.3273
13.4336
13.1523
12.8235
12.4551
14.0505
11.43
14.9308
13.3229
13.9217
13.3202
12.572
13.6865
14.9047
14.0148
14.9408
14.2674
12.2326
14.3198
14.4557
14.8093
12.8988
14.7367
13.4327
13.8068
14.543
13.5713
14.6787
14.2084
12.6456
13.785
14.6103
14.6886
14.9886
14.1438
14.6995
13.4892
14.8468
14.2072
14.8929
14.5025
14.9682
13.617
11.818
13.7617
14.4247
14.3232
14.3269
13.1629
13.9175
13.8301
13.7037
14.5102
14.6002
14.0774
14.9827
13.9852
14.7857
14.0604
14.6818
12.5268
13.1871
14.1955
13.9413
13.7219
14.4835
13.8586
14.9576
13.916
13.7337
14.6108
12.9104
13.9397
14.5955
14.483
14.3259
14.2484
13.6122
13.2242
14.222
12.6283
14.3101
14.5917
14.7009
14.2475
12.9943
14.029
13.1292
13.115
13.8095
14.6647
12.8904
13.8703
10.3351
14.3436
13.9748
14.7463
14.3068
14.7723
12.2198
13.449
14.1213
14.1839
14.3273
12.5221
14.1711
13.364
14.5357
14.44
14.4069
14.7932
13.1452
13.7648
14.7331
14.8712
13.0635
14.1818
12.7699
14.2292
14.1555
13.7076
12.9993
14.993
14.2493
13.0443
14.49
14.3167
14.6551
13.2177
13.6584
13.6349
14.0359
14.401
14.6775
14.9017
12.1561
13.4424
13.0462
14.4491
13.0203
14.7311
13.738
14.7991
14.3344
13.1094
12.5887
13.9984
14.5744
13.0798
12.9047
14.9258
13.447
14.9989
14.8658
13.541
12.3985
13.7352
14.8677
14.823
14.3796
14.3477
13.1079
13.9842
14.5614
13.6553
13.9756
14.8932
14.5676
14.9912
13.9126
13.6796
14.984
12.157
14.6834
13.0782
13.5579
14.0462
14.9635
13.7663
14.65
13.2903
14.2396
13.1736
14.2831
13.6551
14.6927
14.7467
13.5741
14.9866
14.8894
13.7688
13.4808
13.2885
14.6946
14.8877
13.7692
14.8009
14.8804
12.8375
14.2757
13.6594
12.8615
13.8713
13.7245
14.9908
13.7966
11.5875
14.7778
14.5602
14.4725
14.49
12.8373
13.2749
14.7953
14.4692
14.9877
14.9667
12.4198
13.3582
13.9638
14.6042
14.8378
12.7259
14.5889
13.9666
14.9489
14.7691
14.8435
12.687
14.7907
14.7218
14.9402
13.892
14.8264
14.3676
14.5584
14.1146
14.5104
14.7419
14.538
14.7416
14.1259
13.8369
13.4804
13.3779
14.5186
14.7253
11.8277
14.6357
14.5337
14.2479
14.916
14.951
14.088
13.3918
13.4017
14.2463
14.2826
14.7491
13.537
12.9227
12.8196
13.1972
12.682
14.981
14.8929
14.4473
13.2885
12.7717
12.9791
14.54
14.2717
14.8798
13.2113
14.3994
14.2563
13.0309
14.2528
13.8528
13.5021
13.9662
12.7972
12.2296
14.0295
13.6851
12.6556
14.2728
13.9853
14.4995
14.894
14.1998
14.3576
10.8605
13.5297
14.8326
14.1031
14.3919
14.517
14.6484
14.2092
14.0342
10.9505
12.7052
14.7742
13.33
14.7839
13.3408
13.9666
12.9084
13.7494
14.0051
14.0867
13.3405
14.7025
14.9977
