10 15
-5.65426	-0	0.253847	36.7762	-155.97	0.255053	
-0.232931	-0	0.728152	12.7999	-41.651	-2.96172	
-5.09932	-0	0.302398	61.4037	-185.969	-1.65201	
-6.3375	-0	0.194072	-17.7815	-194.706	6.98008	
-7.78287	-0	0.0676186	12.301	-209.363	-2.88922	
-6.91618	-0	0.143444	2.47559	-221.418	-1.30904	
0.611866	0	0.802063	10.2241	53.7122	8.60049	
-6.32607	-0	0.195072	24.4073	-181.037	-11.3711	
-4.96867	-0	0.313829	40.3372	-181.684	-9.2042	
0.351719	0	0.779303	54.3426	15.8334	82.9305	
-7.49542	-0	0.0927668	2.01842	-181.208	9.94078	
-7.51121	-0	0.0913859	-45.7612	-177.854	18.75	
-5.73389	-0	0.246881	23.1413	-221.202	-24.9581	
-6.56415	-0	0.174242	-5.15735	-183.366	17.0169	
-7.70293	-0	0.0746126	1.47649	-223.759	15.1518	
-6.43549	-0	0.185499	2.59895	-165.532	-1.54799	
0.636517	0	0.804219	32.1335	23.5759	28.863	
-6.01552	-0	0.222242	-6.98996	-171.269	-8.21801	
-7.13347	-0	0.124434	31.4873	-206.216	-4.36379	
-6.41646	-0	0.187164	6.05527	-184.95	3.87186	
-0.515058	-0	0.703469	20.8778	-24.4198	-73.841	
-6.60356	-0	0.170795	33.2559	-176.033	-8.03629	
-6.60959	-0	0.170267	22.4195	-202.801	0.642464	
-6.50476	-0	0.179438	19.5572	-185.573	-1.77591	
-6.5784	-0	0.172996	13.0494	-197.207	-14.6456	
0.647627	0	0.805191	-38.3673	40.9815	-23.1348	
-6.49783	-0	0.180045	-45.7902	-212.903	4.0383	
0.424948	0	0.785709	-47.3102	48.7322	-82.3467	
0.465097	0	0.789222	-20.705	54.9447	-29.7469	
-7.90269	-0	0.0571355	-9.47063	-217.139	-12.3844	
-0.308993	-0	0.721498	54.9177	-43.0003	-132.811	
-0.378672	-0	0.715402	-44.9986	-26.5963	117.917	
-5.48291	-0	0.268839	-3.95694	-187.825	5.49164	
-6.75149	-0	0.157853	-1.7435	-189.841	11.3698	
-7.36454	-0	0.104217	-7.61943	-174.954	12.2848	
-0.204789	-0	0.730615	-14.0313	-18.9734	36.39	
-7.37997	-0	0.102868	12.415	-199.167	-4.6472	
-4.86823	-0	0.322616	-1.44579	-229.292	-10.3194	
-0.412069	-0	0.71248	-5.41159	-31.5132	11.5039	
-6.46079	-0	0.183285	-49.1624	-202.207	5.29185	
-5.55991	-0	0.262102	-6.15254	-204.689	4.25881	
-5.64607	-0	0.254564	-24.7223	-179.703	3.74922	
-0.670831	-0	0.689841	-17.3598	-47.1224	42.6947	
-0.613041	-0	0.694897	6.37848	-58.709	-18.0093	
0.209942	0	0.766899	-26.3022	3.55186	-19.0906	
-5.68854	-0	0.250849	18.8331	-167.637	-15.8467	
-0.360344	-0	0.717005	-12.1482	-41.8609	-15.0971	
-7.61594	-0	0.0822228	-12.5924	-196.67	-3.86915	
-5.61999	-0	0.256846	11.4337	-170.458	-9.38931	
-0.475275	-0	0.70695	85.2197	-62.1592	-110.347	
-6.79176	-0	0.154329	12.3399	-169.783	-6.68018	
0.352225	0	0.779347	-21.8775	42.315	-15.5297	
-4.43334	-0	0.360664	-22.1818	-169.711	-0.825909	
-7.20671	-0	0.118026	33.3868	-229.137	11.2713	
-0.90673	-0	0.669203	78.6214	-42.5093	-52.1758	
-6.03754	-0	0.220315	-21.3487	-189.888	-8.40839	
0.0713907	0	0.754777	-19.4536	-8.56606	-90.2273	
-0.360126	-0	0.717024	-34.2826	-30.81	65.4501	
-5.44177	-0	0.272438	16.4255	-173.044	-2.12465	
-6.71102	-0	0.161393	-73.7218	-182.007	6.91229	
0.260956	0	0.771362	-8.83009	-23.2378	-50.358	
-5.53225	-0	0.264522	-15.3936	-203.687	-1.8244	
-0.466001	-0	0.707761	28.6015	-39.7587	-24.566	
-0.240895	-0	0.727456	1.76593	-3.6795	84.1634	
-5.58636	-0	0.259788	15.338	-197.557	-11.4122	
-6.88128	-0	0.146497	13.3835	-191.692	4.69172	
0.367722	0	0.780703	23.8339	48.5323	52.2031	
-0.56194	-0	0.699368	23.7065	-62.1722	-30.9	
-7.31627	-0	0.10844	-2.10985	-207.234	3.9327	
-0.0862735	-0	0.740983	-15.6761	6.37386	141.915	
0.432477	0	0.786368	3.93388	45.3348	-0.193412	
-5.65972	-0	0.25337	-31.042	-176.839	9.11197	
-7.03857	-0	0.132736	-22.3232	-180.123	-5.66039	
-7.61301	-0	0.0824793	22.7845	-167.34	-1.55343	
-7.16976	-0	0.121258	29.1067	-201	13.7317	
-6.28105	-0	0.19901	-7.76536	-229.637	6.30671	
-6.96952	-0	0.138777	-13.735	-197.472	4.82335	
-7.38814	-0	0.102152	-2.60556	-219.02	0.38305	
-6.43049	-0	0.185936	-22.8448	-222.461	13.9553	
-0.611224	-0	0.695056	1.89013	-60.2466	-21.1413	
-6.76433	-0	0.156729	-12.4599	-177.336	4.85964	
0.199695	0	0.766002	8.34958	-28.0465	64.9188	
-5.57849	-0	0.260477	-36.9206	-199.587	5.14808	
-7.64188	-0	0.0799537	-19.8164	-232.812	-1.66744	
-0.104804	-0	0.739362	5.31772	-3.96873	-55.2826	
-7.36443	-0	0.104227	-44.5649	-217.951	3.96134	
-7.46433	-0	0.0954866	-39.1502	-234.67	-8.32649	
0.554998	0	0.797087	63.3836	46.3517	80.9191	
-7.13262	-0	0.124508	37.0572	-178.984	-2.78686	
-0.434776	-0	0.710493	-27.7678	-60.0686	20.1275	
0.260742	0	0.771343	8.00616	53.0118	14.8451	
-5.38009	-0	0.277834	-23.6345	-196.519	3.48489	
-6.81162	-0	0.152592	41.0127	-225.156	-7.53606	
0.227691	0	0.768452	8.66385	-23.5879	52.8201	
0.559052	0	0.797442	-31.4533	24.1341	-47.4117	
-0.633978	-0	0.693065	70.7135	-43.2573	-80.7694	
-7.92151	-0	0.0554893	3.41963	-180.959	-0.636288	
-7.58595	-0	0.0848468	-43.0278	-201.083	-2.53926	
-6.20426	-0	0.205729	-40.7342	-182.104	8.58537	
-7.10987	-0	0.126498	31.6536	-212.692	-9.29611	
-6.24013	-0	0.202591	17.2398	-200.043	-1.27111	
-6.66875	-0	0.165091	-43.6494	-151.939	-3.47984	
-6.51466	-0	0.178572	-10.8114	-200.37	-3.58573	
-6.74806	-0	0.158152	-16.2219	-209.01	-2.87628	
-0.505797	-0	0.70428	50.9838	-17.4145	-68.9533	
-6.47043	-0	0.182442	-53.6336	-198.992	-9.78916	
-6.28424	-0	0.198732	-23.6252	-213.747	7.09955	
-6.54676	-0	0.175764	-34.3954	-195.963	1.22036	
0.0590216	0	0.753695	-4.44958	15.1622	-93.6237	
-0.527073	-0	0.702418	-41.7191	-47.2862	59.5565	
-6.53551	-0	0.176748	42.0132	-173.715	-4.31306	
-0.23121	-0	0.728303	34.3513	-14.7755	-41.4274	
-7.17616	-0	0.120699	0.515698	-197.534	4.31961	
0.436316	0	0.786704	68.4891	55.0776	128.265	
-0.541605	-0	0.701147	23.8694	-64.5927	-32.7808	
0.350417	0	0.779189	15.16	-6.70669	-4.18286	
-6.26911	-0	0.200055	21.0826	-184.63	5.58673	
-6.9897	-0	0.137012	11.174	-222.852	-2.16255	
-5.47473	-0	0.269555	-3.43676	-184.936	-10.4972	
-0.761262	-0	0.681929	11.3277	-46.7754	10.1608	
-5.57451	-0	0.260824	-47.1748	-195.214	-2.77926	
-5.11299	-0	0.301203	3.56554	-189.961	2.30275	
-0.300395	-0	0.72225	40.1622	-14.8537	-159.001	
0.399841	0	0.783513	4.81998	-5.04136	24.2034	
-5.69861	-0	0.249968	-12.4719	-165.83	0.385209	
-6.49391	-0	0.180387	3.74854	-180.647	4.86538	
-0.817102	-0	0.677044	-69.8933	-57.7391	56.8553	
-0.566745	-0	0.698947	-63.5842	-72.0727	79.6974	
-6.08087	-0	0.216524	27.367	-176.521	-7.27596	
-6.7717	-0	0.156084	-12.2715	-171.904	-0.102802	
-0.354306	-0	0.717533	8.01475	-54.2726	-49.7197	
-5.96845	-0	0.226359	-4.7834	-149.565	4.47093	
-6.14067	-0	0.211292	13.709	-159.445	-15.4814	
-7.03507	-0	0.133042	-32.6244	-214.214	-16.1284	
0.631371	0	0.803769	18.7392	-40.4527	20.2692	
-6.71453	-0	0.161086	-6.12496	-176.964	3.84254	
-6.5721	-0	0.173547	14.0391	-222.396	0.582428	
-0.372499	-0	0.715942	52.7151	-28.5916	-74.612	
-6.15591	-0	0.209959	43.2916	-183.147	-0.89404	
-0.210672	-0	0.7301	-25.9763	-27.6858	64.3412	
-0.594267	-0	0.69654	0.664769	-21.0122	3.124	
-6.79791	-0	0.153791	-19.4106	-202.721	5.18006	
-5.98424	-0	0.224978	7.3972	-226.187	-10.9727	
-7.92249	-0	0.055403	25.5458	-171.933	6.43326	
-0.54142	-0	0.701163	-6.82435	-37.0947	3.09441	
-7.27126	-0	0.112379	2.36757	-176.95	-4.39982	
-6.40492	-0	0.188173	43.1152	-183.195	9.51572	
-7.34701	-0	0.105751	32.1213	-236.342	-1.45339	
0.462184	0	0.788967	30.0386	60.5281	46.3549	
-6.57927	-0	0.17292	-13.2722	-183.408	-1.3205	
-6.50657	-0	0.17928	-18.2659	-202.028	6.01446	
-6.96667	-0	0.139026	1.04143	-214.522	-2.97523	
0.412255	0	0.784599	-1.25575	39.558	-23.7141	
-6.48517	-0	0.181153	17.0738	-154.224	1.86513	
-6.20349	-0	0.205796	2.7342	-235.649	3.27487	
-5.72498	-0	0.247661	-3.43001	-133.449	13.5507	
-5.84076	-0	0.237531	-0.200053	-211.398	13.4165	
-6.22618	-0	0.203811	-20.1922	-219.183	4.67503	
-0.452695	-0	0.708926	-56.8517	-38.4097	92.8868	
-7.42648	-0	0.0987985	1.17105	-175.406	7.05746	
0.672087	0	0.807331	-31.3119	45.5636	-30.4884	
-5.75955	-0	0.244636	-3.24461	-200.472	-5.30037	
-7.93367	-0	0.0544251	-45.2665	-173.914	0.100672	
-6.8354	-0	0.150511	-51.8941	-203.014	2.02152	
-5.41997	-0	0.274345	-5.11105	-175.239	-10.0248	
-0.613438	-0	0.694862	36.9581	-12.6851	-38.5045	
0.368524	0	0.780773	-10.1865	50.3471	1.39776	
-0.675101	-0	0.689468	-83.9744	-67.833	78.0197	
0.403452	0	0.783829	2.51966	51.7229	24.0683	
-4.63048	-0	0.343417	-0.190962	-196.548	5.48101	
0.244875	0	0.769955	51.7693	24.6162	176.71	
0.349007	0	0.779065	59.0817	41.139	88.1606	
-7.89431	-0	0.0578683	-17.5327	-176.836	4.83372	
-0.349885	-0	0.71792	47.957	-44.0072	-83.6962	
0.414906	0	0.784831	28.0313	50.3087	43.8368	
0.69047	0	0.80894	-6.97914	48.2185	-10.678	
-0.755023	-0	0.682475	-74.1227	32.6317	46.0008	
-5.83209	-0	0.238289	-53.2414	-145.066	12.4051	
-7.62038	-0	0.0818343	30.8455	-216.688	-3.74392	
-5.62355	-0	0.256535	-8.69455	-151.936	7.88633	
-0.192513	-0	0.731689	7.51434	26.663	-72.3528	
-0.381899	-0	0.715119	-10.0168	-12.1772	-6.85462	
0.590488	0	0.800192	10.0164	65.621	-4.71821	
-0.150234	-0	0.735387	-22.4449	-17.81	79.1191	
-5.67475	-0	0.252055	-16.9655	-168.753	-1.75937	
-6.2503	-0	0.201701	-24.3097	-178.258	-16.6773	
0.425154	0	0.785727	54.9578	51.2839	109.752	
0.245851	0	0.77004	50.1129	-20.0828	110.564	
-5.5073	-0	0.266705	-30.0389	-195.589	5.8628	
-7.19336	-0	0.119194	-19.6905	-226.793	3.66761	
-7.23769	-0	0.115315	25.2395	-193.21	-2.19544	
0.210083	0	0.766911	-24.4439	0.847128	-48.2617	
0.294575	0	0.774303	-33.6413	10.6411	-90.8472	
-0.121815	-0	0.737874	-21.1164	-43.2777	30.2776	
-6.3502	-0	0.192961	8.55558	-220.584	-0.14378	
-5.32157	-0	0.282954	-13.6438	-232.228	-6.46346	
-5.75041	-0	0.245435	36.4494	-222.471	-15.0103	
-7.47097	-0	0.0949057	-12.5836	-215.039	3.56056	
-6.9818	-0	0.137703	15.3175	-168.685	19.9891	
-6.14333	-0	0.21106	29.0265	-188.777	-12.9576	
-0.207405	-0	0.730386	-60.5444	-9.25651	80.4062	
0.692772	0	0.809141	19.7747	54.9126	14.0092	
-0.357517	-0	0.717253	23.9377	45.4991	-77.2468	
-0.459771	-0	0.708306	4.92867	-24.5935	-17.4705	
-6.81673	-0	0.152144	7.41436	-204.591	-5.47797	
-7.04625	-0	0.132064	11.8513	-192.826	-9.0211	
-0.566619	-0	0.698959	72.0293	-64.7673	-79.0853	
-6.80678	-0	0.153016	-31.3631	-232.885	-5.37974	
-6.96134	-0	0.139493	37.9289	-191.491	8.91926	
-0.113091	-0	0.738637	17.5773	10.1265	95.4398	
0.559896	0	0.797516	-11.4245	22.5511	21.4688	
-7.50993	-0	0.0914978	-25.2872	-244.219	1.66234	
-7.23719	-0	0.115359	12.6767	-190.078	-4.21352	
-6.49511	-0	0.180283	-65.5255	-154.371	-3.63166	
-7.55612	-0	0.087456	43.1748	-197.88	17.0056	
-0.832169	-0	0.675726	39.8034	-42.5708	-37.1098	
-5.34262	-0	0.281113	0.900283	-196.76	-2.5205	
-3.81178	-0	0.415044	-6.45292	-182.05	4.35298	
-6.94841	-0	0.140624	22.9396	-223.24	7.41357	
-5.99761	-0	0.223808	-32.9392	-198.386	-2.76027	
-6.24794	-0	0.201908	-4.55237	-185.532	-0.784376	
-5.78423	-0	0.242477	-22.8228	-164.421	14.2349	
-6.0032	-0	0.22332	-13.8271	-177.457	-7.59278	
-0.356631	-0	0.71733	30.3153	-43.0719	-32.465	
-6.6364	-0	0.167921	-11.4106	-241.009	-6.66758	
-7.00262	-0	0.135882	25.5377	-158.303	2.09461	
-0.31441	-0	0.721024	-3.78364	-33.6616	27.3276	
0.174153	0	0.763768	-24.1059	3.3655	-33.6308	
-0.224304	-0	0.728907	-20.6863	17.8049	77.2494	
-6.02762	-0	0.221183	-27.3078	-199.751	5.54495	
-7.11207	-0	0.126305	-18.9994	-228.001	0.999514	
-7.50177	-0	0.092211	49.7493	-237.444	-4.23106	
-0.194971	-0	0.731474	-7.33325	0.595335	27.7782	
-6.86473	-0	0.147945	14.7263	-195.6	4.93003	
0.17619	0	0.763946	-15.4124	8.48379	-50.3173	
-6.25156	-0	0.201591	9.79338	-212.867	2.8476	
-0.238689	-0	0.727649	-36.8115	-2.43737	75.6132	
0.487275	0	0.791162	1.75378	46.7426	-17.3491	
-5.52344	-0	0.265293	13.09	-181.852	-8.35848	
0.357938	0	0.779847	-21.3301	47.0107	-42.8427	
-5.90748	-0	0.231694	5.31293	-188.704	6.95559	
0.493427	0	0.7917	-54.4658	45.1	-75.9095	
-0.471291	-0	0.707299	21.5435	-62.4852	-25.9083	
-0.437509	-0	0.710254	-44.3132	-50.306	31.0758	
0.432027	0	0.786329	43.6959	44.0236	64.652	
-7.26474	-0	0.112949	36.3491	-212.009	15.5473	
-6.02541	-0	0.221376	-10.1258	-181.994	13.41	
-0.392201	-0	0.714218	-12.6292	-53.4892	25.7915	
-6.63439	-0	0.168097	4.43643	-178.785	-6.77109	
-0.569366	-0	0.698718	-27.3679	-57.4254	58.985	
-0.388004	-0	0.714585	-29.7403	-45.5797	52.0463	
-0.18339	-0	0.732487	-6.04487	-31.2471	4.0524	
-0.386957	-0	0.714677	13.3638	-45.1712	5.48477	
-6.95265	-0	0.140254	-6.66115	-207.564	-2.8264	
-5.2984	-0	0.284981	25.0702	-188.805	5.91628	
-0.477073	-0	0.706793	20.4374	-51.4146	12.306	
-6.85496	-0	0.1488	55.4074	-192.903	-12.3821	
0.141661	0	0.760925	7.64015	-25.3896	43.937	
-5.88127	-0	0.233987	12.3515	-174.483	-1.06973	
-7.56248	-0	0.0868997	17.8891	-226.211	0.460942	
-6.65666	-0	0.166149	-20.3958	-195.297	5.36954	
-0.155681	-0	0.734911	16.218	-17.0983	-114.983	
0.409586	0	0.784365	-20.0679	31.7594	-15.9605	
-0.254747	-0	0.726244	4.71068	25.3318	-29.2825	
-0.415107	-0	0.712214	-63.6569	-24.8668	89.1872	
-0.941531	-0	0.666158	-7.91987	-26.0815	9.12533	
-6.49505	-0	0.180288	-17.1132	-201.057	0.490141	
-7.28411	-0	0.111254	-20.3387	-222.011	-8.21131	
-7.04346	-0	0.132308	-27.8991	-218.257	-2.08078	
-0.756317	-0	0.682362	-30.156	-54.8557	17.4731	
0.0163594	0	0.749963	3.56046	-14.1548	-131.12	
-0.417936	-0	0.711967	42.2277	-67.541	-87.3676	
-6.1418	-0	0.211194	16.3095	-207.181	5.00795	
-0.460492	-0	0.708243	45.0835	-28.562	-57.5159	
-5.2279	-0	0.291149	-48.1816	-202.305	-6.88024	
-0.161615	-0	0.734392	-20.045	10.2239	-41.4318	
-5.52422	-0	0.265224	32.7848	-152.541	-5.03911	
0.223072	0	0.768048	38.1277	-41.1819	126.143	
-6.03905	-0	0.220183	6.2276	-241.662	-6.53333	
-6.41177	-0	0.187574	21.0342	-220.028	-11.8138	
-5.33186	-0	0.282054	15.8669	-198.133	12.224	
-6.67316	-0	0.164705	-22.7833	-190.202	0.181998	
-5.36667	-0	0.279008	8.10353	-149.274	0.961503	
-5.90661	-0	0.23177	14.8799	-151.072	-8.46164	
-5.9985	-0	0.22373	15.0514	-198.858	10.5634	
-7.72286	-0	0.0728688	-19.5059	-206.43	-7.03921	
-5.79061	-0	0.241919	29.4707	-195.671	-2.19754	
-0.279826	-0	0.72405	9.16869	-57.672	5.83509	
0.696188	0	0.80944	-36.8788	61.3031	-40.0246	
-5.58437	-0	0.259962	33.6865	-164.124	-8.48675	
-5.73367	-0	0.2469	44.3403	-199.756	-3.99444	
-6.59554	-0	0.171496	10.0025	-181.205	-12.5629	
-0.797685	-0	0.678743	-43.4161	-48.6669	22.7973	
-6.3491	-0	0.193057	49.8284	-193.01	-3.08657	
-0.480245	-0	0.706515	56.1424	17.8043	-62.6227	
-0.605771	-0	0.695533	-27.9716	-59.7874	2.84078	
-5.73513	-0	0.246772	-33.4784	-170.969	-5.29079	
-5.1113	-0	0.301351	-38.574	-189.741	-6.92879	
0.3252	0	0.776983	4.2413	43.355	42.8318	
-0.731623	-0	0.684523	-37.1565	-56.6997	43.128	
-0.539885	-0	0.701297	-18.5382	-67.1448	17.6434	
0.785954	0	0.817293	-71.2632	33.9545	-58.9585	
-6.678	-0	0.164282	-8.39262	-214.05	2.05252	
-6.65807	-0	0.166025	8.18998	-157.491	-7.91516	
-6.39935	-0	0.188661	36.0619	-173.743	3.87186	
-6.83651	-0	0.150414	-21.3033	-196.516	-0.616659	
-0.187103	-0	0.732162	-20.9658	-36.1777	64.7685	
-0.624228	-0	0.693918	-28.4803	-50.7125	1.69206	
-0.504341	-0	0.704407	-3.17266	-14.284	6.79806	
-6.01988	-0	0.22186	31.0521	-211.158	-3.96677	
-0.373351	-0	0.715867	-18.3857	-52.7388	42.3322	
-6.19188	-0	0.206812	5.69279	-196.507	-2.90214	
-6.22361	-0	0.204036	-8.6299	-186.496	-11.4349	
0.190199	0	0.765171	-12.7777	4.353	79.5836	
0.77894	0	0.81668	-18.1159	41.5042	4.66209	
-6.06054	-0	0.218303	-12.2186	-165.538	-2.86107	
-0.0604772	-0	0.74324	8.59728	-10.5978	-17.0578	
-6.57141	-0	0.173608	31.3429	-222.74	-8.22994	
-7.6881	-0	0.0759096	-16.8489	-192.15	3.79493	
-6.91538	-0	0.143513	-14.6566	-215.449	19.4988	
0.0168197	0	0.750003	15.2584	-13.7947	6.72329	
-6.11791	-0	0.213284	1.23932	-205.147	11.5943	
0.207893	0	0.76672	-8.30882	21.4029	-46.8862	
-0.438252	-0	0.710189	69.2348	-67.5231	-111.181	
-5.48602	-0	0.268567	20.167	-202.778	-5.8806	
-7.81315	-0	0.0649694	-64.3681	-199.493	-3.34865	
-7.53627	-0	0.0891934	-14.2892	-207.804	-2.13868	
-0.506724	-0	0.704199	-42.4619	-66.3789	63.7613	
-7.03104	-0	0.133395	22.4615	-191.648	7.20136	
-0.420579	-0	0.711735	-19.7683	21.2266	0.916557	
0.45404	0	0.788255	-63.2052	64.2113	-97.0302	
-0.344034	-0	0.718432	-52.21	8.38599	83.9817	
-7.81095	-0	0.0651615	39.3071	-253.299	-11.9279	
-6.36716	-0	0.191477	22.4734	-165.173	-11.6388	
-7.31671	-0	0.108402	3.27457	-209.761	4.47482	
-7.17058	-0	0.121187	-37.4153	-211.67	-2.45704	
-5.82892	-0	0.238567	-3.11031	-174.007	5.62472	
-6.34765	-0	0.193184	-37.1944	-165.447	5.48757	
-0.54305	-0	0.701021	-40.6221	-20.7596	26.4603	
-0.740489	-0	0.683747	-61.3325	-43.3998	37.2065	
-5.99243	-0	0.224262	34.0427	-136.775	2.99914	
-0.506415	-0	0.704226	87.4286	-63.1088	-99.5982	
-5.02265	-0	0.309106	20.5437	-188.664	-7.10001	
-6.91371	-0	0.14366	-15.2429	-207.225	-14.2209	
-0.131933	-0	0.736989	12.4596	-23.1331	-182.271	
-0.682584	-0	0.688813	30.8797	-55.2081	-50.7757	
-0.669813	-0	0.68993	-34.5785	-65.7099	33.3807	
-0.228932	-0	0.728502	-56.7437	-23.2609	120.13	
-0.464048	-0	0.707932	-59.7019	-50.2895	115.323	
0.17181	0	0.763563	-4.28317	41.1645	-9.15521	
-0.753881	-0	0.682575	-71.415	-37.0694	64.2356	
-0.263421	-0	0.725485	-26.0051	-24.0172	-9.79166	
-7.183	-0	0.1201	-35.1551	-212.881	-8.49765	
-6.97482	-0	0.138314	-3.15615	-207.561	2.6426	
-5.9658	-0	0.226592	-27.8395	-186.956	4.99185	
-5.35976	-0	0.279613	50.0933	-176.971	-9.55351	
-6.04783	-0	0.219415	-1.60506	-190.558	17.7445	
-7.96155	-0	0.0519862	35.8202	-201.825	-11.6941	
-6.85354	-0	0.148924	-28.9366	-248.357	-2.88058	
-6.87163	-0	0.147341	-11.9197	-231.935	-10.7777	
-0.339918	-0	0.718792	34.5805	-28.4721	-61.0103	
-7.17285	-0	0.120988	30.3688	-186.283	-3.93977	
-0.477916	-0	0.706719	73.3995	-35.6417	-106.082	
-0.0176595	-0	0.746986	-5.67392	-22.9865	-65.7273	
-0.726974	-0	0.684929	46.1773	-61.9632	-39.1845	
-7.58001	-0	0.0853664	12.5985	-200.129	2.19256	
-7.01798	-0	0.134537	-14.5178	-179.664	-4.18307	
-6.70239	-0	0.162148	71.5646	-206.61	-1.96981	
-7.42234	-0	0.0991607	-7.37043	-195.934	4.5317	
-7.25366	-0	0.113918	50.8313	-183.127	-6.31954	
-0.162207	-0	0.73434	0.581563	-41.224	-23.7398	
-6.85095	-0	0.149151	12.8459	-165.904	-4.38132	
-7.43596	-0	0.0979686	-3.67359	-203.309	-15.3248	
-6.63083	-0	0.168409	17.0801	-166.001	-0.224084	
-0.529969	-0	0.702165	-43.24	-63.7148	63.2866	
-6.23101	-0	0.203389	-17.4077	-204.32	11.5302	
0.51404	0	0.793504	23.8786	54.0388	31.5252	
-6.39011	-0	0.189469	-80.9069	-190.953	10.6653	
0.391094	0	0.782748	31.5005	-33.5153	39.956	
-6.55006	-0	0.175476	-33.894	-172.717	3.54287	
0.582499	0	0.799493	14.6373	59.5601	20.7388	
0.45249	0	0.788119	32.7284	49.6445	54.2559	
0.285989	0	0.773552	-49.3337	34.3409	-69.4484	
-0.362984	-0	0.716774	29.0495	-61.7366	-63.9012	
-0.400943	-0	0.713453	56.1793	-41.7455	-107.483	
-5.87479	-0	0.234554	-23.3414	-193.847	-0.387542	
-6.88621	-0	0.146066	-2.92181	-190.743	-5.04869	
-7.58755	-0	0.0847065	5.80099	-164.289	-8.0668	
-0.440183	-0	0.71002	3.72315	18.3501	65.0887	
-6.01211	-0	0.22254	-8.18052	-190.111	8.39657	
-7.1535	-0	0.122681	54.8807	-179.258	-4.86197	
-6.83863	-0	0.150228	9.68244	-179.602	-6.93857	
-5.67843	-0	0.251733	-29.0077	-182.047	-7.86701	
-7.13328	-0	0.12445	3.81366	-187.255	-4.63849	
-7.45918	-0	0.0959376	-6.33589	-221.1	-1.66793	
-8.1567	-0	0.0349122	19.358	-222.741	-2.71028	
-6.88068	-0	0.14655	35.8514	-190.371	-4.2465	
0.217419	0	0.767553	25.4346	-29.6836	54.0163	
-7.08272	-0	0.128874	-30.365	-175.045	-2.66778	
-6.19956	-0	0.20614	-20.5367	-202.095	-4.03068	
-0.0509955	-0	0.74407	7.46855	-3.89623	-171.277	
-7.00399	-0	0.135761	39.7064	-203.996	6.65395	
-7.54306	-0	0.088599	-33.2836	-228.902	-0.166837	
-0.341034	-0	0.718695	-44.0278	-48.1962	92.7374	
-6.30007	-0	0.197346	-17.5536	-193.651	-2.44789	
0.385998	0	0.782302	14.7155	47.9107	18.8069	
-6.24086	-0	0.202526	71.1779	-155.704	7.66771	
-0.266884	-0	0.725182	47.8108	-21.3705	-62.8374	
-0.37725	-0	0.715526	-54.7469	-61.4453	108.636	
-0.445101	-0	0.70959	29.6681	-67.1931	-27.7226	
-6.32443	-0	0.195215	-25.4625	-141.675	1.97047	
-0.424777	-0	0.711368	-25.2164	-57.9196	79.0605	
-0.267753	-0	0.725106	-20.6654	-53.9277	45.6076	
0.262802	0	0.771523	51.3529	45.7354	159.302	
-0.634102	-0	0.693054	-68.7593	-41.2921	59.3802	
-5.86134	-0	0.235731	0.584041	-204.217	4.87878	
-6.99408	-0	0.136628	61.5517	-258.421	-4.07767	
-6.60504	-0	0.170665	46.6955	-183.464	-0.618216	
-7.78772	-0	0.0671937	-7.37308	-217.815	0.48153	
-6.66797	-0	0.165159	3.08156	-212.285	-15.0665	
-5.93053	-0	0.229678	-7.62916	-200.688	-2.88936	
-7.12009	-0	0.125604	16.8891	-198.864	3.79432	
0.20754	0	0.766689	64.1799	3.98073	159.526	
-0.606598	-0	0.695461	-23.5406	-46.8201	46.5105	
-6.93988	-0	0.141371	-39.0034	-238.71	5.22842	
-6.75591	-0	0.157466	23.5292	-209.645	-9.24418	
-6.31293	-0	0.196221	60.0513	-215.067	-2.76534	
-7.32241	-0	0.107903	19.0386	-226.672	1.02525	
-7.03673	-0	0.132897	69.1871	-237.257	-7.74226	
-5.87951	-0	0.234141	-4.03428	-187.487	-4.65773	
-7.00351	-0	0.135804	-9.75702	-218.856	2.53752	
-5.4012	-0	0.275988	-35.3032	-207.838	-2.68974	
-7.71084	-0	0.0739203	-4.30674	-186.457	12.4303	
-5.85972	-0	0.235872	-25.3812	-205.78	2.30125	
-6.6946	-0	0.162829	-1.89191	-226.719	6.47723	
-6.69342	-0	0.162933	16.9867	-206.044	-13.6318	
-5.86953	-0	0.235014	-49.9224	-203.134	-6.3249	
-7.21008	-0	0.117731	32.5397	-164.458	9.99549	
0.386615	0	0.782356	-28.7467	25.3481	-44.5201	
-0.248753	-0	0.726768	27.5817	-48.119	-50.0266	
-0.165873	-0	0.734019	-38.752	22.3813	62.5947	
-0.603137	-0	0.695764	51.2882	-54.6244	-66.0524	
-7.72597	-0	0.0725965	-2.53744	-221.695	-4.96249	
1.05875	0	0.84116	66.9874	12.9728	52.1559	
0.226771	0	0.768371	3.63289	-4.32632	25.4674	
-6.00806	-0	0.222894	33.3485	-236.087	9.56352	
0.503515	0	0.792583	-80.8912	17.6203	-107.931	
-7.71521	-0	0.073538	-0.248304	-174.934	5.34573	
-7.134	-0	0.124387	8.57047	-211.829	2.46077	
-5.85766	-0	0.236053	-29.4242	-211.598	3.47657	
0.320936	0	0.77661	35.2804	15.7276	-0.636657	
-0.474121	-0	0.707051	4.02283	-45.0316	-42.3189	
-7.51688	-0	0.0908891	-48.088	-186.081	-14.8371	
-6.83538	-0	0.150513	-2.26062	-190.596	-2.09217	
0.482592	0	0.790753	39.0021	60.115	68.2452	
0.647341	0	0.805166	-5.87272	8.75411	-25.712	
-0.469736	-0	0.707435	-19.8411	-56.0258	6.88748	
-5.58088	-0	0.260267	23.5788	-188.904	-1.82913	
-6.27999	-0	0.199103	-1.35973	-173.714	-5.86542	
-0.44185	-0	0.709874	-24.0815	-21.0897	-6.09666	
-0.457153	-0	0.708536	-13.8755	-22.7125	10.7214	
-6.71602	-0	0.160956	49.9584	-213.924	2.79698	
-0.654642	-0	0.691257	16.9924	-63.3163	-9.11684	
-0.409761	-0	0.712682	31.3942	-32.8901	-47.265	
-5.95362	-0	0.227657	20.2432	-157.353	3.38947	
0.364535	0	0.780424	-20.1016	19.3212	-12.3915	
-5.88449	-0	0.233705	48.2313	-198.589	7.43097	
-6.00138	-0	0.223479	22.8595	-217.528	13.9665	
-6.42769	-0	0.186181	23.5847	-186.787	0.827067	
-6.35756	-0	0.192317	-42.3878	-213.995	3.06156	
-5.63795	-0	0.255274	-28.6832	-204.758	-5.62092	
-6.24551	-0	0.20212	43.8874	-187.512	5.87904	
0.328081	0	0.777235	-11.091	27.674	2.29485	
-6.33457	-0	0.194328	-45.0118	-170.184	-1.41242	
-6.38934	-0	0.189537	25.4364	-192.715	3.31745	
-6.2249	-0	0.203923	6.13231	-168.081	5.32927	
-0.545041	-0	0.700846	-14.0921	-46.9404	20.384	
-7.747	-0	0.0707564	31.9851	-164.849	-0.694737	
-0.404185	-0	0.71317	21.4257	-43.9089	-66.8617	
-5.07023	-0	0.304943	-23.2672	-183.109	-1.05677	
-7.36996	-0	0.103743	43.8811	-172.943	-12.8618	
-6.84788	-0	0.149419	-25.362	-167.562	6.37514	
-0.616853	-0	0.694564	27.3595	-46.7079	-26.9003	
-6.17863	-0	0.207971	10.3484	-205.909	10.6129	
-5.74163	-0	0.246204	-18.3157	-220.464	-0.194524	
-7.45429	-0	0.0963655	-49.9644	-217.086	-3.30257	
-6.17114	-0	0.208627	21.0193	-227.424	-6.59357	
-0.797868	-0	0.678727	-94.9203	-55.024	63.3738	
-0.36473	-0	0.716622	25.4741	-43.9209	-59.3009	
-0.360853	-0	0.716961	49.7626	-25.2502	-96.8584	
-0.223395	-0	0.728987	25.0857	-19.6824	-61.709	
-7.26432	-0	0.112986	-6.8024	-202.402	0.255929	
-0.551231	-0	0.700305	25.2691	-37.7035	-5.51941	
-0.0401018	-0	0.745023	18.9549	-21.2844	67.5105	
-7.48944	-0	0.0932904	-4.02336	-196.924	6.14242	
-0.323793	-0	0.720203	-29.9314	-39.733	65.6883	
-0.452473	-0	0.708945	9.08927	-45.7732	-15.8946	
-6.89144	-0	0.145609	-17.8857	-202.748	-7.02728	
-0.301038	-0	0.722194	25.8698	-30.9926	-42.1023	
-0.609407	-0	0.695215	40.725	-58.4223	-14.9178	
