10 15
5.65426	0.253847	3.14159	-36.7762	0.255053	155.97	
0.232931	0.728152	3.14159	-12.7999	-2.96172	41.651	
5.09932	0.302398	3.14159	-61.4037	-1.65201	185.969	
6.3375	0.194072	3.14159	17.7815	6.98008	194.706	
7.78287	0.0676186	3.14159	-12.301	-2.88922	209.363	
6.91618	0.143444	3.14159	-2.47559	-1.30904	221.418	
0.611866	0.802063	0	10.2241	8.60049	53.7122	
6.32607	0.195072	3.14159	-24.4073	-11.3711	181.037	
4.96867	0.313829	3.14159	-40.3372	-9.2042	181.684	
0.351719	0.779303	0	54.3426	82.9305	15.8334	
7.49542	0.0927668	3.14159	-2.01842	9.94078	181.208	
7.51121	0.0913859	3.14159	45.7612	18.75	177.854	
5.73389	0.246881	3.14159	-23.1413	-24.9581	221.202	
6.56415	0.174242	3.14159	5.15735	17.0169	183.366	
7.70293	0.0746126	3.14159	-1.47649	15.1518	223.759	
6.43549	0.185499	3.14159	-2.59895	-1.54799	165.532	
0.636517	0.804219	0	32.1335	28.863	23.5759	
6.01552	0.222242	3.14159	6.98996	-8.21801	171.269	
7.13347	0.124434	3.14159	-31.4873	-4.36379	206.216	
6.41646	0.187164	3.14159	-6.05527	3.87186	184.95	
0.515058	0.703469	3.14159	-20.8778	-73.841	24.4198	
6.60356	0.170795	3.14159	-33.2559	-8.03629	176.033	
6.60959	0.170267	3.14159	-22.4195	0.642464	202.801	
6.50476	0.179438	3.14159	-19.5572	-1.77591	185.573	
6.5784	0.172996	3.14159	-13.0494	-14.6456	197.207	
0.647627	0.805191	0	-38.3673	-23.1348	40.9815	
6.49783	0.180045	3.14159	45.7902	4.0383	212.903	
0.424948	0.785709	0	-47.3102	-82.3467	48.7322	
0.465097	0.789222	0	-20.705	-29.7469	54.9447	
7.90269	0.0571355	3.14159	9.47063	-12.3844	217.139	
0.308993	0.721498	3.14159	-54.9177	-132.811	43.0003	
0.378672	0.715402	3.14159	44.9986	117.917	26.5963	
5.48291	0.268839	3.14159	3.95694	5.49164	187.825	
6.75149	0.157853	3.14159	1.7435	11.3698	189.841	
7.36454	0.104217	3.14159	7.61943	12.2848	174.954	
0.204789	0.730615	3.14159	14.0313	36.39	18.9734	
7.37997	0.102868	3.14159	-12.415	-4.6472	199.167	
4.86823	0.322616	3.14159	1.44579	-10.3194	229.292	
0.412069	0.71248	3.14159	5.41159	11.5039	31.5132	
6.46079	0.183285	3.14159	49.1624	5.29185	202.207	
5.55991	0.262102	3.14159	6.15254	4.25881	204.689	
5.64607	0.254564	3.14159	24.7223	3.74922	179.703	
0.670831	0.689841	3.14159	17.3598	42.6947	47.1224	
0.613041	0.694897	3.14159	-6.37848	-18.0093	58.709	
0.209942	0.766899	0	-26.3022	-19.0906	3.55186	
5.68854	0.250849	3.14159	-18.8331	-15.8467	167.637	
0.360344	0.717005	3.14159	12.1482	-15.0971	41.8609	
7.61594	0.0822228	3.14159	12.5924	-3.86915	196.67	
5.61999	0.256846	3.14159	-11.4337	-9.38931	170.458	
0.475275	0.70695	3.14159	-85.2197	-110.347	62.1592	
6.79176	0.154329	3.14159	-12.3399	-6.68018	169.783	
0.352225	0.779347	0	-21.8775	-15.5297	42.315	
4.43334	0.360664	3.14159	22.1818	-0.825909	169.711	
7.20671	0.118026	3.14159	-33.3868	11.2713	229.137	
0.90673	0.669203	3.14159	-78.6214	-52.1758	42.5093	
6.03754	0.220315	3.14159	21.3487	-8.40839	189.888	
0.0713907	0.754777	0	-19.4536	-90.2273	-8.56606	
0.360126	0.717024	3.14159	34.2826	65.4501	30.81	
5.44177	0.272438	3.14159	-16.4255	-2.12465	173.044	
6.71102	0.161393	3.14159	73.7218	6.91229	182.007	
0.260956	0.771362	0	-8.83009	-50.358	-23.2378	
5.53225	0.264522	3.14159	15.3936	-1.8244	203.687	
0.466001	0.707761	3.14159	-28.6015	-24.566	39.7587	
0.240895	0.727456	3.14159	-1.76593	84.1634	3.6795	
5.58636	0.259788	3.14159	-15.338	-11.4122	197.557	
6.88128	0.146497	3.14159	-13.3835	4.69172	191.692	
0.367722	0.780703	0	23.8339	52.2031	48.5323	
0.56194	0.699368	3.14159	-23.7065	-30.9	62.1722	
7.31627	0.10844	3.14159	2.10985	3.9327	207.234	
0.0862735	0.740983	3.14159	15.6761	141.915	-6.37386	
0.432477	0.786368	0	3.93388	-0.193412	45.3348	
5.65972	0.25337	3.14159	31.042	9.11197	176.839	
7.03857	0.132736	3.14159	22.3232	-5.66039	180.123	
7.61301	0.0824793	3.14159	-22.7845	-1.55343	167.34	
7.16976	0.121258	3.14159	-29.1067	13.7317	201	
6.28105	0.19901	3.14159	7.76536	6.30671	229.637	
6.96952	0.138777	3.14159	13.735	4.82335	197.472	
7.38814	0.102152	3.14159	2.60556	0.38305	219.02	
6.43049	0.185936	3.14159	22.8448	13.9553	222.461	
0.611224	0.695056	3.14159	-1.89013	-21.1413	60.2466	
6.76433	0.156729	3.14159	12.4599	4.85964	177.336	
0.199695	0.766002	0	8.34958	64.9188	-28.0465	
5.57849	0.260477	3.14159	36.9206	5.14808	199.587	
7.64188	0.0799537	3.14159	19.8164	-1.66744	232.812	
0.104804	0.739362	3.14159	-5.31772	-55.2826	3.96873	
7.36443	0.104227	3.14159	44.5649	3.96134	217.951	
7.46433	0.0954866	3.14159	39.1502	-8.32649	234.67	
0.554998	0.797087	0	63.3836	80.9191	46.3517	
7.13262	0.124508	3.14159	-37.0572	-2.78686	178.984	
0.434776	0.710493	3.14159	27.7678	20.1275	60.0686	
0.260742	0.771343	0	8.00616	14.8451	53.0118	
5.38009	0.277834	3.14159	23.6345	3.48489	196.519	
6.81162	0.152592	3.14159	-41.0127	-7.53606	225.156	
0.227691	0.768452	0	8.66385	52.8201	-23.5879	
0.559052	0.797442	0	-31.4533	-47.4117	24.1341	
0.633978	0.693065	3.14159	-70.7135	-80.7694	43.2573	
7.92151	0.0554893	3.14159	-3.41963	-0.636288	180.959	
7.58595	0.0848468	3.14159	43.0278	-2.53926	201.083	
6.20426	0.205729	3.14159	40.7342	8.58537	182.104	
7.10987	0.126498	3.14159	-31.6536	-9.29611	212.692	
6.24013	0.202591	3.14159	-17.2398	-1.27111	200.043	
6.66875	0.165091	3.14159	43.6494	-3.47984	151.939	
6.51466	0.178572	3.14159	10.8114	-3.58573	200.37	
6.74806	0.158152	3.14159	16.2219	-2.87628	209.01	
0.505797	0.70428	3.14159	-50.9838	-68.9533	17.4145	
6.47043	0.182442	3.14159	53.6336	-9.78916	198.992	
6.28424	0.198732	3.14159	23.6252	7.09955	213.747	
6.54676	0.175764	3.14159	34.3954	1.22036	195.963	
0.0590216	0.753695	0	-4.44958	-93.6237	15.1622	
0.527073	0.702418	3.14159	41.7191	59.5565	47.2862	
6.53551	0.176748	3.14159	-42.0132	-4.31306	173.715	
0.23121	0.728303	3.14159	-34.3513	-41.4274	14.7755	
7.17616	0.120699	3.14159	-0.515698	4.31961	197.534	
0.436316	0.786704	0	68.4891	128.265	55.0776	
0.541605	0.701147	3.14159	-23.8694	-32.7808	64.5927	
0.350417	0.779189	0	15.16	-4.18286	-6.70669	
6.26911	0.200055	3.14159	-21.0826	5.58673	184.63	
6.9897	0.137012	3.14159	-11.174	-2.16255	222.852	
5.47473	0.269555	3.14159	3.43676	-10.4972	184.936	
0.761262	0.681929	3.14159	-11.3277	10.1608	46.7754	
5.57451	0.260824	3.14159	47.1748	-2.77926	195.214	
5.11299	0.301203	3.14159	-3.56554	2.30275	189.961	
0.300395	0.72225	3.14159	-40.1622	-159.001	14.8537	
0.399841	0.783513	0	4.81998	24.2034	-5.04136	
5.69861	0.249968	3.14159	12.4719	0.385209	165.83	
6.49391	0.180387	3.14159	-3.74854	4.86538	180.647	
0.817102	0.677044	3.14159	69.8933	56.8553	57.7391	
0.566745	0.698947	3.14159	63.5842	79.6974	72.0727	
6.08087	0.216524	3.14159	-27.367	-7.27596	176.521	
6.7717	0.156084	3.14159	12.2715	-0.102802	171.904	
0.354306	0.717533	3.14159	-8.01475	-49.7197	54.2726	
5.96845	0.226359	3.14159	4.7834	4.47093	149.565	
6.14067	0.211292	3.14159	-13.709	-15.4814	159.445	
7.03507	0.133042	3.14159	32.6244	-16.1284	214.214	
0.631371	0.803769	0	18.7392	20.2692	-40.4527	
6.71453	0.161086	3.14159	6.12496	3.84254	176.964	
6.5721	0.173547	3.14159	-14.0391	0.582428	222.396	
0.372499	0.715942	3.14159	-52.7151	-74.612	28.5916	
6.15591	0.209959	3.14159	-43.2916	-0.89404	183.147	
0.210672	0.7301	3.14159	25.9763	64.3412	27.6858	
0.594267	0.69654	3.14159	-0.664769	3.124	21.0122	
6.79791	0.153791	3.14159	19.4106	5.18006	202.721	
5.98424	0.224978	3.14159	-7.3972	-10.9727	226.187	
7.92249	0.055403	3.14159	-25.5458	6.43326	171.933	
0.54142	0.701163	3.14159	6.82435	3.09441	37.0947	
7.27126	0.112379	3.14159	-2.36757	-4.39982	176.95	
6.40492	0.188173	3.14159	-43.1152	9.51572	183.195	
7.34701	0.105751	3.14159	-32.1213	-1.45339	236.342	
0.462184	0.788967	0	30.0386	46.3549	60.5281	
6.57927	0.17292	3.14159	13.2722	-1.3205	183.408	
6.50657	0.17928	3.14159	18.2659	6.01446	202.028	
6.96667	0.139026	3.14159	-1.04143	-2.97523	214.522	
0.412255	0.784599	0	-1.25575	-23.7141	39.558	
6.48517	0.181153	3.14159	-17.0738	1.86513	154.224	
6.20349	0.205796	3.14159	-2.7342	3.27487	235.649	
5.72498	0.247661	3.14159	3.43001	13.5507	133.449	
5.84076	0.237531	3.14159	0.200053	13.4165	211.398	
6.22618	0.203811	3.14159	20.1922	4.67503	219.183	
0.452695	0.708926	3.14159	56.8517	92.8868	38.4097	
7.42648	0.0987985	3.14159	-1.17105	7.05746	175.406	
0.672087	0.807331	0	-31.3119	-30.4884	45.5636	
5.75955	0.244636	3.14159	3.24461	-5.30037	200.472	
7.93367	0.0544251	3.14159	45.2665	0.100672	173.914	
6.8354	0.150511	3.14159	51.8941	2.02152	203.014	
5.41997	0.274345	3.14159	5.11105	-10.0248	175.239	
0.613438	0.694862	3.14159	-36.9581	-38.5045	12.6851	
0.368524	0.780773	0	-10.1865	1.39776	50.3471	
0.675101	0.689468	3.14159	83.9744	78.0197	67.833	
0.403452	0.783829	0	2.51966	24.0683	51.7229	
4.63048	0.343417	3.14159	0.190962	5.48101	196.548	
0.244875	0.769955	0	51.7693	176.71	24.6162	
0.349007	0.779065	0	59.0817	88.1606	41.139	
7.89431	0.0578683	3.14159	17.5327	4.83372	176.836	
0.349885	0.71792	3.14159	-47.957	-83.6962	44.0072	
0.414906	0.784831	0	28.0313	43.8368	50.3087	
0.69047	0.80894	0	-6.97914	-10.678	48.2185	
0.755023	0.682475	3.14159	74.1227	46.0008	-32.6317	
5.83209	0.238289	3.14159	53.2414	12.4051	145.066	
7.62038	0.0818343	3.14159	-30.8455	-3.74392	216.688	
5.62355	0.256535	3.14159	8.69455	7.88633	151.936	
0.192513	0.731689	3.14159	-7.51434	-72.3528	-26.663	
0.381899	0.715119	3.14159	10.0168	-6.85462	12.1772	
0.590488	0.800192	0	10.0164	-4.71821	65.621	
0.150234	0.735387	3.14159	22.4449	79.1191	17.81	
5.67475	0.252055	3.14159	16.9655	-1.75937	168.753	
6.2503	0.201701	3.14159	24.3097	-16.6773	178.258	
0.425154	0.785727	0	54.9578	109.752	51.2839	
0.245851	0.77004	0	50.1129	110.564	-20.0828	
5.5073	0.266705	3.14159	30.0389	5.8628	195.589	
7.19336	0.119194	3.14159	19.6905	3.66761	226.793	
7.23769	0.115315	3.14159	-25.2395	-2.19544	193.21	
0.210083	0.766911	0	-24.4439	-48.2617	0.847128	
0.294575	0.774303	0	-33.6413	-90.8472	10.6411	
0.121815	0.737874	3.14159	21.1164	30.2776	43.2777	
6.3502	0.192961	3.14159	-8.55558	-0.14378	220.584	
5.32157	0.282954	3.14159	13.6438	-6.46346	232.228	
5.75041	0.245435	3.14159	-36.4494	-15.0103	222.471	
7.47097	0.0949057	3.14159	12.5836	3.56056	215.039	
6.9818	0.137703	3.14159	-15.3175	19.9891	168.685	
6.14333	0.21106	3.14159	-29.0265	-12.9576	188.777	
0.207405	0.730386	3.14159	60.5444	80.4062	9.25651	
0.692772	0.809141	0	19.7747	14.0092	54.9126	
0.357517	0.717253	3.14159	-23.9377	-77.2468	-45.4991	
0.459771	0.708306	3.14159	-4.92867	-17.4705	24.5935	
6.81673	0.152144	3.14159	-7.41436	-5.47797	204.591	
7.04625	0.132064	3.14159	-11.8513	-9.0211	192.826	
0.566619	0.698959	3.14159	-72.0293	-79.0853	64.7673	
6.80678	0.153016	3.14159	31.3631	-5.37974	232.885	
6.96134	0.139493	3.14159	-37.9289	8.91926	191.491	
0.113091	0.738637	3.14159	-17.5773	95.4398	-10.1265	
0.559896	0.797516	0	-11.4245	21.4688	22.5511	
7.50993	0.0914978	3.14159	25.2872	1.66234	244.219	
7.23719	0.115359	3.14159	-12.6767	-4.21352	190.078	
6.49511	0.180283	3.14159	65.5255	-3.63166	154.371	
7.55612	0.087456	3.14159	-43.1748	17.0056	197.88	
0.832169	0.675726	3.14159	-39.8034	-37.1098	42.5708	
5.34262	0.281113	3.14159	-0.900283	-2.5205	196.76	
3.81178	0.415044	3.14159	6.45292	4.35298	182.05	
6.94841	0.140624	3.14159	-22.9396	7.41357	223.24	
5.99761	0.223808	3.14159	32.9392	-2.76027	198.386	
6.24794	0.201908	3.14159	4.55237	-0.784376	185.532	
5.78423	0.242477	3.14159	22.8228	14.2349	164.421	
6.0032	0.22332	3.14159	13.8271	-7.59278	177.457	
0.356631	0.71733	3.14159	-30.3153	-32.465	43.0719	
6.6364	0.167921	3.14159	11.4106	-6.66758	241.009	
7.00262	0.135882	3.14159	-25.5377	2.09461	158.303	
0.31441	0.721024	3.14159	3.78364	27.3276	33.6616	
0.174153	0.763768	0	-24.1059	-33.6308	3.3655	
0.224304	0.728907	3.14159	20.6863	77.2494	-17.8049	
6.02762	0.221183	3.14159	27.3078	5.54495	199.751	
7.11207	0.126305	3.14159	18.9994	0.999514	228.001	
7.50177	0.092211	3.14159	-49.7493	-4.23106	237.444	
0.194971	0.731474	3.14159	7.33325	27.7782	-0.595335	
6.86473	0.147945	3.14159	-14.7263	4.93003	195.6	
0.17619	0.763946	0	-15.4124	-50.3173	8.48379	
6.25156	0.201591	3.14159	-9.79338	2.8476	212.867	
0.238689	0.727649	3.14159	36.8115	75.6132	2.43737	
0.487275	0.791162	0	1.75378	-17.3491	46.7426	
5.52344	0.265293	3.14159	-13.09	-8.35848	181.852	
0.357938	0.779847	0	-21.3301	-42.8427	47.0107	
5.90748	0.231694	3.14159	-5.31293	6.95559	188.704	
0.493427	0.7917	0	-54.4658	-75.9095	45.1	
0.471291	0.707299	3.14159	-21.5435	-25.9083	62.4852	
0.437509	0.710254	3.14159	44.3132	31.0758	50.306	
0.432027	0.786329	0	43.6959	64.652	44.0236	
7.26474	0.112949	3.14159	-36.3491	15.5473	212.009	
6.02541	0.221376	3.14159	10.1258	13.41	181.994	
0.392201	0.714218	3.14159	12.6292	25.7915	53.4892	
6.63439	0.168097	3.14159	-4.43643	-6.77109	178.785	
0.569366	0.698718	3.14159	27.3679	58.985	57.4254	
0.388004	0.714585	3.14159	29.7403	52.0463	45.5797	
0.18339	0.732487	3.14159	6.04487	4.0524	31.2471	
0.386957	0.714677	3.14159	-13.3638	5.48477	45.1712	
6.95265	0.140254	3.14159	6.66115	-2.8264	207.564	
5.2984	0.284981	3.14159	-25.0702	5.91628	188.805	
0.477073	0.706793	3.14159	-20.4374	12.306	51.4146	
6.85496	0.1488	3.14159	-55.4074	-12.3821	192.903	
0.141661	0.760925	0	7.64015	43.937	-25.3896	
5.88127	0.233987	3.14159	-12.3515	-1.06973	174.483	
7.56248	0.0868997	3.14159	-17.8891	0.460942	226.211	
6.65666	0.166149	3.14159	20.3958	5.36954	195.297	
0.155681	0.734911	3.14159	-16.218	-114.983	17.0983	
0.409586	0.784365	0	-20.0679	-15.9605	31.7594	
0.254747	0.726244	3.14159	-4.71068	-29.2825	-25.3318	
0.415107	0.712214	3.14159	63.6569	89.1872	24.8668	
0.941531	0.666158	3.14159	7.91987	9.12533	26.0815	
6.49505	0.180288	3.14159	17.1132	0.490141	201.057	
7.28411	0.111254	3.14159	20.3387	-8.21131	222.011	
7.04346	0.132308	3.14159	27.8991	-2.08078	218.257	
0.756317	0.682362	3.14159	30.156	17.4731	54.8557	
0.0163594	0.749963	0	3.56046	-131.12	-14.1548	
0.417936	0.711967	3.14159	-42.2277	-87.3676	67.541	
6.1418	0.211194	3.14159	-16.3095	5.00795	207.181	
0.460492	0.708243	3.14159	-45.0835	-57.5159	28.562	
5.2279	0.291149	3.14159	48.1816	-6.88024	202.305	
0.161615	0.734392	3.14159	20.045	-41.4318	-10.2239	
5.52422	0.265224	3.14159	-32.7848	-5.03911	152.541	
0.223072	0.768048	0	38.1277	126.143	-41.1819	
6.03905	0.220183	3.14159	-6.2276	-6.53333	241.662	
6.41177	0.187574	3.14159	-21.0342	-11.8138	220.028	
5.33186	0.282054	3.14159	-15.8669	12.224	198.133	
6.67316	0.164705	3.14159	22.7833	0.181998	190.202	
5.36667	0.279008	3.14159	-8.10353	0.961503	149.274	
5.90661	0.23177	3.14159	-14.8799	-8.46164	151.072	
5.9985	0.22373	3.14159	-15.0514	10.5634	198.858	
7.72286	0.0728688	3.14159	19.5059	-7.03921	206.43	
5.79061	0.241919	3.14159	-29.4707	-2.19754	195.671	
0.279826	0.72405	3.14159	-9.16869	5.83509	57.672	
0.696188	0.80944	0	-36.8788	-40.0246	61.3031	
5.58437	0.259962	3.14159	-33.6865	-8.48675	164.124	
5.73367	0.2469	3.14159	-44.3403	-3.99444	199.756	
6.59554	0.171496	3.14159	-10.0025	-12.5629	181.205	
0.797685	0.678743	3.14159	43.4161	22.7973	48.6669	
6.3491	0.193057	3.14159	-49.8284	-3.08657	193.01	
0.480245	0.706515	3.14159	-56.1424	-62.6227	-17.8043	
0.605771	0.695533	3.14159	27.9716	2.84078	59.7874	
5.73513	0.246772	3.14159	33.4784	-5.29079	170.969	
5.1113	0.301351	3.14159	38.574	-6.92879	189.741	
0.3252	0.776983	0	4.2413	42.8318	43.355	
0.731623	0.684523	3.14159	37.1565	43.128	56.6997	
0.539885	0.701297	3.14159	18.5382	17.6434	67.1448	
0.785954	0.817293	0	-71.2632	-58.9585	33.9545	
6.678	0.164282	3.14159	8.39262	2.05252	214.05	
6.65807	0.166025	3.14159	-8.18998	-7.91516	157.491	
6.39935	0.188661	3.14159	-36.0619	3.87186	173.743	
6.83651	0.150414	3.14159	21.3033	-0.616659	196.516	
0.187103	0.732162	3.14159	20.9658	64.7685	36.1777	
0.624228	0.693918	3.14159	28.4803	1.69206	50.7125	
0.504341	0.704407	3.14159	3.17266	6.79806	14.284	
6.01988	0.22186	3.14159	-31.0521	-3.96677	211.158	
0.373351	0.715867	3.14159	18.3857	42.3322	52.7388	
6.19188	0.206812	3.14159	-5.69279	-2.90214	196.507	
6.22361	0.204036	3.14159	8.6299	-11.4349	186.496	
0.190199	0.765171	0	-12.7777	79.5836	4.353	
0.77894	0.81668	0	-18.1159	4.66209	41.5042	
6.06054	0.218303	3.14159	12.2186	-2.86107	165.538	
0.0604772	0.74324	3.14159	-8.59728	-17.0578	10.5978	
6.57141	0.173608	3.14159	-31.3429	-8.22994	222.74	
7.6881	0.0759096	3.14159	16.8489	3.79493	192.15	
6.91538	0.143513	3.14159	14.6566	19.4988	215.449	
0.0168197	0.750003	0	15.2584	6.72329	-13.7947	
6.11791	0.213284	3.14159	-1.23932	11.5943	205.147	
0.207893	0.76672	0	-8.30882	-46.8862	21.4029	
0.438252	0.710189	3.14159	-69.2348	-111.181	67.5231	
5.48602	0.268567	3.14159	-20.167	-5.8806	202.778	
7.81315	0.0649694	3.14159	64.3681	-3.34865	199.493	
7.53627	0.0891934	3.14159	14.2892	-2.13868	207.804	
0.506724	0.704199	3.14159	42.4619	63.7613	66.3789	
7.03104	0.133395	3.14159	-22.4615	7.20136	191.648	
0.420579	0.711735	3.14159	19.7683	0.916557	-21.2266	
0.45404	0.788255	0	-63.2052	-97.0302	64.2113	
0.344034	0.718432	3.14159	52.21	83.9817	-8.38599	
7.81095	0.0651615	3.14159	-39.3071	-11.9279	253.299	
6.36716	0.191477	3.14159	-22.4734	-11.6388	165.173	
7.31671	0.108402	3.14159	-3.27457	4.47482	209.761	
7.17058	0.121187	3.14159	37.4153	-2.45704	211.67	
5.82892	0.238567	3.14159	3.11031	5.62472	174.007	
6.34765	0.193184	3.14159	37.1944	5.48757	165.447	
0.54305	0.701021	3.14159	40.6221	26.4603	20.7596	
0.740489	0.683747	3.14159	61.3325	37.2065	43.3998	
5.99243	0.224262	3.14159	-34.0427	2.99914	136.775	
0.506415	0.704226	3.14159	-87.4286	-99.5982	63.1088	
5.02265	0.309106	3.14159	-20.5437	-7.10001	188.664	
6.91371	0.14366	3.14159	15.2429	-14.2209	207.225	
0.131933	0.736989	3.14159	-12.4596	-182.271	23.1331	
0.682584	0.688813	3.14159	-30.8797	-50.7757	55.2081	
0.669813	0.68993	3.14159	34.5785	33.3807	65.7099	
0.228932	0.728502	3.14159	56.7437	120.13	23.2609	
0.464048	0.707932	3.14159	59.7019	115.323	50.2895	
0.17181	0.763563	0	-4.28317	-9.15521	41.1645	
0.753881	0.682575	3.14159	71.415	64.2356	37.0694	
0.263421	0.725485	3.14159	26.0051	-9.79166	24.0172	
7.183	0.1201	3.14159	35.1551	-8.49765	212.881	
6.97482	0.138314	3.14159	3.15615	2.6426	207.561	
5.9658	0.226592	3.14159	27.8395	4.99185	186.956	
5.35976	0.279613	3.14159	-50.0933	-9.55351	176.971	
6.04783	0.219415	3.14159	1.60506	17.7445	190.558	
7.96155	0.0519862	3.14159	-35.8202	-11.6941	201.825	
6.85354	0.148924	3.14159	28.9366	-2.88058	248.357	
6.87163	0.147341	3.14159	11.9197	-10.7777	231.935	
0.339918	0.718792	3.14159	-34.5805	-61.0103	28.4721	
7.17285	0.120988	3.14159	-30.3688	-3.93977	186.283	
0.477916	0.706719	3.14159	-73.3995	-106.082	35.6417	
0.0176595	0.746986	3.14159	5.67392	-65.7273	22.9865	
0.726974	0.684929	3.14159	-46.1773	-39.1845	61.9632	
7.58001	0.0853664	3.14159	-12.5985	2.19256	200.129	
7.01798	0.134537	3.14159	14.5178	-4.18307	179.664	
6.70239	0.162148	3.14159	-71.5646	-1.96981	206.61	
7.42234	0.0991607	3.14159	7.37043	4.5317	195.934	
7.25366	0.113918	3.14159	-50.8313	-6.31954	183.127	
0.162207	0.73434	3.14159	-0.581563	-23.7398	41.224	
6.85095	0.149151	3.14159	-12.8459	-4.38132	165.904	
7.43596	0.0979686	3.14159	3.67359	-15.3248	203.309	
6.63083	0.168409	3.14159	-17.0801	-0.224084	166.001	
0.529969	0.702165	3.14159	43.24	63.2866	63.7148	
6.23101	0.203389	3.14159	17.4077	11.5302	204.32	
0.51404	0.793504	0	23.8786	31.5252	54.0388	
6.39011	0.189469	3.14159	80.9069	10.6653	190.953	
0.391094	0.782748	0	31.5005	39.956	-33.5153	
6.55006	0.175476	3.14159	33.894	3.54287	172.717	
0.582499	0.799493	0	14.6373	20.7388	59.5601	
0.45249	0.788119	0	32.7284	54.2559	49.6445	
0.285989	0.773552	0	-49.3337	-69.4484	34.3409	
0.362984	0.716774	3.14159	-29.0495	-63.9012	61.7366	
0.400943	0.713453	3.14159	-56.1793	-107.483	41.7455	
5.87479	0.234554	3.14159	23.3414	-0.387542	193.847	
6.88621	0.146066	3.14159	2.92181	-5.04869	190.743	
7.58755	0.0847065	3.14159	-5.80099	-8.0668	164.289	
0.440183	0.71002	3.14159	-3.72315	65.0887	-18.3501	
6.01211	0.22254	3.14159	8.18052	8.39657	190.111	
7.1535	0.122681	3.14159	-54.8807	-4.86197	179.258	
6.83863	0.150228	3.14159	-9.68244	-6.93857	179.602	
5.67843	0.251733	3.14159	29.0077	-7.86701	182.047	
7.13328	0.12445	3.14159	-3.81366	-4.63849	187.255	
7.45918	0.0959376	3.14159	6.33589	-1.66793	221.1	
8.1567	0.0349122	3.14159	-19.358	-2.71028	222.741	
6.88068	0.14655	3.14159	-35.8514	-4.2465	190.371	
0.217419	0.767553	0	25.4346	54.0163	-29.6836	
7.08272	0.128874	3.14159	30.365	-2.66778	175.045	
6.19956	0.20614	3.14159	20.5367	-4.03068	202.095	
0.0509955	0.74407	3.14159	-7.46855	-171.277	3.89623	
7.00399	0.135761	3.14159	-39.7064	6.65395	203.996	
7.54306	0.088599	3.14159	33.2836	-0.166837	228.902	
0.341034	0.718695	3.14159	44.0278	92.7374	48.1962	
6.30007	0.197346	3.14159	17.5536	-2.44789	193.651	
0.385998	0.782302	0	14.7155	18.8069	47.9107	
6.24086	0.202526	3.14159	-71.1779	7.66771	155.704	
0.266884	0.725182	3.14159	-47.8108	-62.8374	21.3705	
0.37725	0.715526	3.14159	54.7469	108.636	61.4453	
0.445101	0.70959	3.14159	-29.6681	-27.7226	67.1931	
6.32443	0.195215	3.14159	25.4625	1.97047	141.675	
0.424777	0.711368	3.14159	25.2164	79.0605	57.9196	
0.267753	0.725106	3.14159	20.6654	45.6076	53.9277	
0.262802	0.771523	0	51.3529	159.302	45.7354	
0.634102	0.693054	3.14159	68.7593	59.3802	41.2921	
5.86134	0.235731	3.14159	-0.584041	4.87878	204.217	
6.99408	0.136628	3.14159	-61.5517	-4.07767	258.421	
6.60504	0.170665	3.14159	-46.6955	-0.618216	183.464	
7.78772	0.0671937	3.14159	7.37308	0.48153	217.815	
6.66797	0.165159	3.14159	-3.08156	-15.0665	212.285	
5.93053	0.229678	3.14159	7.62916	-2.88936	200.688	
7.12009	0.125604	3.14159	-16.8891	3.79432	198.864	
0.20754	0.766689	0	64.1799	159.526	3.98073	
0.606598	0.695461	3.14159	23.5406	46.5105	46.8201	
6.93988	0.141371	3.14159	39.0034	5.22842	238.71	
6.75591	0.157466	3.14159	-23.5292	-9.24418	209.645	
6.31293	0.196221	3.14159	-60.0513	-2.76534	215.067	
7.32241	0.107903	3.14159	-19.0386	1.02525	226.672	
7.03673	0.132897	3.14159	-69.1871	-7.74226	237.257	
5.87951	0.234141	3.14159	4.03428	-4.65773	187.487	
7.00351	0.135804	3.14159	9.75702	2.53752	218.856	
5.4012	0.275988	3.14159	35.3032	-2.68974	207.838	
7.71084	0.0739203	3.14159	4.30674	12.4303	186.457	
5.85972	0.235872	3.14159	25.3812	2.30125	205.78	
6.6946	0.162829	3.14159	1.89191	6.47723	226.719	
6.69342	0.162933	3.14159	-16.9867	-13.6318	206.044	
5.86953	0.235014	3.14159	49.9224	-6.3249	203.134	
7.21008	0.117731	3.14159	-32.5397	9.99549	164.458	
0.386615	0.782356	0	-28.7467	-44.5201	25.3481	
0.248753	0.726768	3.14159	-27.5817	-50.0266	48.119	
0.165873	0.734019	3.14159	38.752	62.5947	-22.3813	
0.603137	0.695764	3.14159	-51.2882	-66.0524	54.6244	
7.72597	0.0725965	3.14159	2.53744	-4.96249	221.695	
1.05875	0.84116	0	66.9874	52.1559	12.9728	
0.226771	0.768371	0	3.63289	25.4674	-4.32632	
6.00806	0.222894	3.14159	-33.3485	9.56352	236.087	
0.503515	0.792583	0	-80.8912	-107.931	17.6203	
7.71521	0.073538	3.14159	0.248304	5.34573	174.934	
7.134	0.124387	3.14159	-8.57047	2.46077	211.829	
5.85766	0.236053	3.14159	29.4242	3.47657	211.598	
0.320936	0.77661	0	35.2804	-0.636657	15.7276	
0.474121	0.707051	3.14159	-4.02283	-42.3189	45.0316	
7.51688	0.0908891	3.14159	48.088	-14.8371	186.081	
6.83538	0.150513	3.14159	2.26062	-2.09217	190.596	
0.482592	0.790753	0	39.0021	68.2452	60.115	
0.647341	0.805166	0	-5.87272	-25.712	8.75411	
0.469736	0.707435	3.14159	19.8411	6.88748	56.0258	
5.58088	0.260267	3.14159	-23.5788	-1.82913	188.904	
6.27999	0.199103	3.14159	1.35973	-5.86542	173.714	
0.44185	0.709874	3.14159	24.0815	-6.09666	21.0897	
0.457153	0.708536	3.14159	13.8755	10.7214	22.7125	
6.71602	0.160956	3.14159	-49.9584	2.79698	213.924	
0.654642	0.691257	3.14159	-16.9924	-9.11684	63.3163	
0.409761	0.712682	3.14159	-31.3942	-47.265	32.8901	
5.95362	0.227657	3.14159	-20.2432	3.38947	157.353	
0.364535	0.780424	0	-20.1016	-12.3915	19.3212	
5.88449	0.233705	3.14159	-48.2313	7.43097	198.589	
6.00138	0.223479	3.14159	-22.8595	13.9665	217.528	
6.42769	0.186181	3.14159	-23.5847	0.827067	186.787	
6.35756	0.192317	3.14159	42.3878	3.06156	213.995	
5.63795	0.255274	3.14159	28.6832	-5.62092	204.758	
6.24551	0.20212	3.14159	-43.8874	5.87904	187.512	
0.328081	0.777235	0	-11.091	2.29485	27.674	
6.33457	0.194328	3.14159	45.0118	-1.41242	170.184	
6.38934	0.189537	3.14159	-25.4364	3.31745	192.715	
6.2249	0.203923	3.14159	-6.13231	5.32927	168.081	
0.545041	0.700846	3.14159	14.0921	20.384	46.9404	
7.747	0.0707564	3.14159	-31.9851	-0.694737	164.849	
0.404185	0.71317	3.14159	-21.4257	-66.8617	43.9089	
5.07023	0.304943	3.14159	23.2672	-1.05677	183.109	
7.36996	0.103743	3.14159	-43.8811	-12.8618	172.943	
6.84788	0.149419	3.14159	25.362	6.37514	167.562	
0.616853	0.694564	3.14159	-27.3595	-26.9003	46.7079	
6.17863	0.207971	3.14159	-10.3484	10.6129	205.909	
5.74163	0.246204	3.14159	18.3157	-0.194524	220.464	
7.45429	0.0963655	3.14159	49.9644	-3.30257	217.086	
6.17114	0.208627	3.14159	-21.0193	-6.59357	227.424	
0.797868	0.678727	3.14159	94.9203	63.3738	55.024	
0.36473	0.716622	3.14159	-25.4741	-59.3009	43.9209	
0.360853	0.716961	3.14159	-49.7626	-96.8584	25.2502	
0.223395	0.728987	3.14159	-25.0857	-61.709	19.6824	
7.26432	0.112986	3.14159	6.8024	0.255929	202.402	
0.551231	0.700305	3.14159	-25.2691	-5.51941	37.7035	
0.0401018	0.745023	3.14159	-18.9549	67.5105	21.2844	
7.48944	0.0932904	3.14159	4.02336	6.14242	196.924	
0.323793	0.720203	3.14159	29.9314	65.6883	39.733	
0.452473	0.708945	3.14159	-9.08927	-15.8946	45.7732	
6.89144	0.145609	3.14159	17.8857	-7.02728	202.748	
0.301038	0.722194	3.14159	-25.8698	-42.1023	30.9926	
0.609407	0.695215	3.14159	-40.725	-14.9178	58.4223	
