DensitySphericalHarmonic
50	#n_radial
4	#l_max
0	#unused
#rho
#radius	l=0,m=0	l=1,m=-1	l=1,m=0	l=1,m=1	l=2,m=-2	l=2,m=-1	l=2,m=0	l=2,m=1	l=2,m=2	l=3,m=-3	l=3,m=-2	l=3,m=-1	l=3,m=0	l=3,m=1	l=3,m=2	l=3,m=3	l=4,m=-4	l=4,m=-3	l=4,m=-2	l=4,m=-1	l=4,m=0	l=4,m=1	l=4,m=2	l=4,m=3	l=4,m=4
0.1000000000000	424010115.418529808521	0	0	0	0	0	2368946.8235640	0	0	0	0	0	0	0	0	0	0	0	0	0	49495.354224294	0	0	0	0
0.1247088708531	411299424.840114235878	0	0	0	0	0	3064407.7279479	0	0	0	0	0	0	0	0	0	0	0	0	0	-1860.213288880	0	0	0	0
0.1555230246945	395014817.074968099594	0	0	0	0	0	3670302.2045299	0	0	0	0	0	0	0	0	0	0	0	0	0	-15896.25784389	0	0	0	0
0.1939510080132	374811069.897086441517	0	0	0	0	0	4105523.2986402	0	0	0	0	0	0	0	0	0	0	0	0	0	30169.689692640	0	0	0	0
0.2418741121014	350766141.453486621380	0	0	0	0	0	4186895.6132930	0	0	0	0	0	0	0	0	0	0	0	0	0	39571.432476094	0	0	0	0
0.3016384740876	322937083.151671826839	0	0	0	0	0	3995387.3226285	0	0	0	0	0	0	0	0	0	0	0	0	0	-49477.92743232	0	0	0	0
0.3761699350932	292127131.313027203083	0	0	0	0	0	3296000.9633429	0	0	0	0	0	0	0	0	0	0	0	0	0	-29104.00248896	0	0	0	0
0.4691172785435	259176643.896122753620	0	0	0	0	0	2354913.1921277	0	0	0	0	0	0	0	0	0	0	0	0	0	-84048.06754949	0	0	0	0
0.5850308610484	225346019.457040339708	0	0	0	0	0	1121859.7279278	0	0	0	0	0	0	0	0	0	0	0	0	0	-148365.3808905	0	0	0	0
0.7295853809557	191923446.533775985241	0	0	0	0	0	-113330.9377654	0	0	0	0	0	0	0	0	0	0	0	0	0	-168652.1709320	0	0	0	0
0.9098576904991	160214128.172862827778	0	0	0	0	0	-1427710.394780	0	0	0	0	0	0	0	0	0	0	0	0	0	-139494.9489480	0	0	0	0
1.1346732521915	131292190.197256475687	0	0	0	0	0	-2593264.872840	0	0	0	0	0	0	0	0	0	0	0	0	0	-95446.76148570	0	0	0	0
1.4150382006801	105900670.235812216997	0	0	0	0	0	-3450305.046042	0	0	0	0	0	0	0	0	0	0	0	0	0	-61515.12852794	0	0	0	0
1.7646781622082	84432535.9310347288847	0	0	0	0	0	-3967994.523116	0	0	0	0	0	0	0	0	0	0	0	0	0	-16871.65567365	0	0	0	0
2.2007102102810	66745653.7646486833692	0	0	0	0	0	-4218985.704533	0	0	0	0	0	0	0	0	0	0	0	0	0	89902.270461103	0	0	0	0
2.7444808539903	52520070.3097770437598	0	0	0	0	0	-4192451.128804	0	0	0	0	0	0	0	0	0	0	0	0	0	175629.82692138	0	0	0	0
3.4226110837907	41212170.7326833233237	0	0	0	0	0	-4028435.633237	0	0	0	0	0	0	0	0	0	0	0	0	0	313714.45059766	0	0	0	0
4.2682996362884	32203629.0566760376096	0	0	0	0	0	-3717333.582324	0	0	0	0	0	0	0	0	0	0	0	0	0	426741.33246340	0	0	0	0
5.3229482810421	25000626.4346574395895	0	0	0	0	0	-3327061.465270	0	0	0	0	0	0	0	0	0	0	0	0	0	471897.23928498	0	0	0	0
6.6381886973820	19112340.2437956295907	0	0	0	0	0	-2864098.696212	0	0	0	0	0	0	0	0	0	0	0	0	0	465757.98226625	0	0	0	0
8.2784101696031	14331876.3512224014848	0	0	0	0	0	-2363254.757750	0	0	0	0	0	0	0	0	0	0	0	0	0	386108.30133844	0	0	0	0
10.323911847100	10484744.7562386784703	0	0	0	0	0	-1868149.367293	0	0	0	0	0	0	0	0	0	0	0	0	0	277992.63338168	0	0	0	0
12.874833892388	7454332.73290484305471	0	0	0	0	0	-1418772.739240	0	0	0	0	0	0	0	0	0	0	0	0	0	179391.15552507	0	0	0	0
16.056059971409	5136019.69879558309913	0	0	0	0	0	-1039144.435298	0	0	0	0	0	0	0	0	0	0	0	0	0	105607.00060584	0	0	0	0
20.023331093840	3428518.91089340625331	0	0	0	0	0	-737714.6486053	0	0	0	0	0	0	0	0	0	0	0	0	0	50279.175998761	0	0	0	0
24.970870114305	2196243.87269938830286	0	0	0	0	0	-504607.4581279	0	0	0	0	0	0	0	0	0	0	0	0	0	32145.699922137	0	0	0	0
31.140890161743	1350811.30271641351283	0	0	0	0	0	-331185.8551273	0	0	0	0	0	0	0	0	0	0	0	0	0	20879.769760309	0	0	0	0
38.835452494314	794143.160965222632512	0	0	0	0	0	-207820.9127981	0	0	0	0	0	0	0	0	0	0	0	0	0	13915.670345927	0	0	0	0
48.431254296350	443708.274731553858146	0	0	0	0	0	-123438.3218814	0	0	0	0	0	0	0	0	0	0	0	0	0	9129.6405018120	0	0	0	0
60.398070372970	234531.685806255700300	0	0	0	0	0	-68921.19149689	0	0	0	0	0	0	0	0	0	0	0	0	0	5365.0991600757	0	0	0	0
75.321751579191	116833.961167523419135	0	0	0	0	0	-36190.13919078	0	0	0	0	0	0	0	0	0	0	0	0	0	3094.3047031249	0	0	0	0
93.932905901184	54600.0994260205698083	0	0	0	0	0	-17749.17417085	0	0	0	0	0	0	0	0	0	0	0	0	0	1648.7983482394	0	0	0	0
117.14266630887	23823.2536487632860371	0	0	0	0	0	-8111.325776473	0	0	0	0	0	0	0	0	0	0	0	0	0	831.00463629415	0	0	0	0
146.08729644100	9656.74556096078413248	0	0	0	0	0	-3442.335375347	0	0	0	0	0	0	0	0	0	0	0	0	0	390.93558345753	0	0	0	0
182.18381785139	3612.81407119983714438	0	0	0	0	0	-1356.020608825	0	0	0	0	0	0	0	0	0	0	0	0	0	176.37909941143	0	0	0	0
227.19938211954	1237.53130685299947800	0	0	0	0	0	-495.1347828881	0	0	0	0	0	0	0	0	0	0	0	0	0	75.331823544158	0	0	0	0
283.33778402649	384.177117057324721827	0	0	0	0	0	-166.4257411623	0	0	0	0	0	0	0	0	0	0	0	0	0	30.416737210285	0	0	0	0
353.34735115963	106.575638041590551097	0	0	0	0	0	-49.59920411235	0	0	0	0	0	0	0	0	0	0	0	0	0	10.571582269002	0	0	0	0
440.65549182050	25.8194514710748457276	0	0	0	0	0	-12.79548829999	0	0	0	0	0	0	0	0	0	0	0	0	0	3.1652670376518	0	0	0	0
549.53648820151	5.34989285798841240904	0	0	0	0	0	-2.827696022751	0	0	0	0	0	0	0	0	0	0	0	0	0	0.8016130064762	0	0	0	0
685.32074936188	0.90894078507547004797	0	0	0	0	0	-0.520969302485	0	0	0	0	0	0	0	0	0	0	0	0	0	0.1824638306106	0	0	0	0
854.65576825118	0.12297744636873179924	0	0	0	0	0	-0.077185223248	0	0	0	0	0	0	0	0	0	0	0	0	0	0.0328655911971	0	0	0	0
1065.8315582669	0.01264201349187718364	0	0	0	0	0	-0.008800797417	0	0	0	0	0	0	0	0	0	0	0	0	0	0.0045702837543	0	0	0	0
1329.1865015107	9.31181121175555049e-4	0	0	0	0	0	-7.228870582e-4	0	0	0	0	0	0	0	0	0	0	0	0	0	4.5022342515e-4	0	0	0	0
1657.6134775657	4.60575696910641597e-5	0	0	0	0	0	-3.978319204e-5	0	0	0	0	0	0	0	0	0	0	0	0	0	2.8974362000e-5	0	0	0	0
2067.1910509810	1.41298245155283908e-6	0	0	0	0	0	-1.341647985e-6	0	0	0	0	0	0	0	0	0	0	0	0	0	1.1073142433e-6	0	0	0	0
2577.9706180547	2.41133566175913483e-8	0	0	0	0	0	-2.462036464e-8	0	0	0	0	0	0	0	0	0	0	0	0	0	2.2225105975e-8	0	0	0	0
3214.9580487006	1.9951794244500416e-10	0	0	0	0	0	-2.13644842e-10	0	0	0	0	0	0	0	0	0	0	0	0	0	2.041701222e-10	0	0	0	0
4009.3378809354	6.5695165897923697e-13	0	0	0	0	0	-7.21886616e-13	0	0	0	0	0	0	0	0	0	0	0	0	0	7.114515127e-13	0	0	0	0
5000.0000000000	6.7668688592563857e-16	0	0	0	0	0	-7.52276409e-16	0	0	0	0	0	0	0	0	0	0	0	0	0	7.518094320e-16	0	0	0	0
