DensityAzimuthalHarmonic
20	#size_R
16	#size_z
0	#m_max
#rho
0	#m
#R(row)\z(col)	0.0000000000000	0.0500000000000	0.1160597982539	0.2033377371608	0.3186489978848	0.4709977702815	0.6722803536564	0.9382140906519	1.2895646709483	1.7537676399636	2.3670707296036	3.1773642970058	4.2479208887859	5.6623359382330	7.5310553945077	10.000000000000
0.0000000000000	2222659751.2519	24094398.966354	31873553.187651	16144429.124895	5491444.3474801	778360.38404783	98945.261477017	5422.9559380143	159.98562015701	0.2307925214178	1.422812587e-65	9.05610903e-138	4.88042941e-229	0.0000000000000	0.0000000000000	0.0000000000000
0.1000000000000	620324858.86886	145393927.36051	108504974.63542	65301588.189778	22969137.953887	4721129.7419213	352473.12745411	20796.720119727	418.16213208038	0.2280396862869	1.527403825e-65	1.62281657e-137	9.93200183e-229	0.0000000000000	0.0000000000000	0.0000000000000
0.2258078383172	609805065.38650	183168087.96421	76408514.375920	56922687.394580	33452152.231134	8414442.3629356	1059638.3997563	42899.357771147	826.57479351565	0.0192001758303	8.554725166e-66	6.42198694e-137	5.46053744e-228	0.0000000000000	0.0000000000000	0.0000000000000
0.3840839601375	611814711.12133	231043113.44099	33765528.395734	29349431.584734	20636255.462350	7335743.0809626	1159431.0980176	91346.734077918	1580.6622485813	5.7887360885e-5	1.899147229e-66	3.96974324e-136	1.19579073e-226	0.0000000000000	0.0000000000000	0.0000000000000
0.5832077275719	560033775.62002	268418307.10083	19146861.497943	4061200.2997294	3997686.6830167	2505029.5563760	863770.38693290	77729.042405133	1540.2187392283	1.576135339e-10	5.057746089e-68	4.61479106e-135	1.21790597e-224	0.0000000000000	0.0000000000000	0.0000000000000
0.8337210349569	466369759.80189	265091879.07598	28596083.862630	413165.67732326	20541.059575627	72605.814168632	43676.275897621	12178.235523088	20.116004980814	1.000767891e-21	2.717026046e-70	1.06374793e-133	1.01229071e-221	0.0000000000000	0.0000000000000	0.0000000000000
1.1488864116747	365488579.94931	233929510.70715	38626222.369406	751618.67600618	1721.5287234074	2.2289537134522	0.0024873597182	9.2696981436e-7	2.764861291e-13	1.147284837e-33	9.193331364e-73	6.11113356e-132	1.17071091e-217	0.0000000000000	0.0000000000000	0.0000000000000
1.5453891592475	276021446.83265	193220849.58044	45352833.985760	1734984.0475758	3780.6646987808	0.4551672695705	1.5469559555e-5	1.442541899e-11	1.057565259e-21	7.142794385e-41	8.419042249e-75	1.51433449e-129	3.56174843e-212	0.0000000000000	0.0000000000000	0.0000000000000
2.0442206948369	206535233.41774	154307287.41866	47170710.651853	3290666.0043771	19427.812986172	2.1790704266632	2.7033603260e-6	4.294964722e-14	1.369640351e-25	3.531774462e-44	1.995393589e-75	1.56128418e-126	2.24512892e-205	0.0000000000000	0.0000000000000	0.0000000000000
2.6717898666063	158832859.36035	124135428.30007	45552606.698677	4911741.1118736	71731.262318298	33.988570609426	6.3542296876e-5	1.191962375e-13	5.598798655e-26	1.295815644e-44	3.217245587e-74	6.89904491e-122	1.49102129e-196	7.16250719e-309	0.0000000000000	0.0000000000000
3.4613210755543	127782701.13831	102952532.04806	42864877.831051	6247955.4311722	176455.71882736	311.55142439618	0.0047297206584	3.081787616e-11	6.415712467e-24	1.776958797e-42	7.858621684e-71	2.38361593e-115	2.79397096e-185	5.34446370e-292	0.0000000000000	0.0000000000000
4.4546132223710	105534720.36309	87151079.225328	40070784.800686	7354530.2026688	338930.67071726	1631.7050800035	0.1668824668888	2.4342470893e-8	7.431361189e-20	5.733794502e-38	5.617322755e-65	1.78800389e-106	3.85031090e-171	1.12501635e-270	0.0000000000000	0.0000000000000
5.7042526004552	83669071.953258	70861947.535709	36040820.566650	8248686.4181326	582872.00378537	6412.1965265073	3.1104167801461	7.5969866020e-6	2.454101842e-15	3.249263005e-31	1.564583544e-56	8.219801771e-95	9.28481385e-154	1.03718540e-244	0.0000000000000	0.0000000000000
7.2763968887829	58335991.316415	50863794.258300	29028638.360646	8473335.4885100	929270.41220949	22308.572046210	43.237522893590	0.0012079097911	2.633600448e-11	3.534841311e-24	1.421745677e-45	6.400748755e-80	1.01642323e-132	6.96044266e-214	0.0000000000000	0.0000000000000
9.2542776331547	33376694.681371	30017211.151682	19372600.845611	7359272.7492733	1278230.2994309	66522.928110292	476.48735577264	0.1211349563265	1.0931541213e-7	7.351605681e-18	6.614367172e-35	4.477968162e-63	2.53131931e-108	7.56826470e-179	5.92027224e-287	0.0000000000000
11.742606642140	26785506.170810	13911762.866741	10098158.416174	4948168.5443207	1343066.0921571	145506.76536209	3477.7746432083	6.4426496225050	1.5455563335e-4	2.331802272e-12	1.446462996e-25	1.117212898e-47	4.385376713e-84	1.35996401e-142	2.08925239e-234	0.0000000000000
14.873119578563	5183750.0320973	4911859.6623211	3935424.5549036	2399115.5495283	961179.27353247	197248.19475186	13271.659343222	133.11671860778	0.0508112876539	7.1919582160e-8	7.494064473e-18	9.052687931e-35	4.333894917e-63	1.21838864e-109	1.43430317e-184	9.30665138e-303
18.811550232116	1326129.8726191	1280178.2187591	1106962.1902655	799084.99459354	434068.72105468	147536.65947844	22460.234647331	856.32304835540	2.9203783191891	1.5262523515e-4	6.046767770e-12	1.186914629e-24	3.137399695e-46	2.612449184e-82	1.49963033e-141	3.38750639e-237
23.766404700972	242740.12411593	237539.80280307	217012.05595447	176632.91298298	119025.83863281	58017.947261010	16015.882675565	1619.1161668399	28.020376882543	0.0220766367664	8.1105735017e-8	2.906899698e-17	1.651891028e-33	4.742211706e-61	5.66976248e-107	2.41363403e-182
30.000000000000	30601.212396352	30211.271337995	28629.479348960	25214.640793871	19575.625987935	12116.385235267	5002.6105127005	999.68574788734	55.089666734667	0.3132528318904	3.3422033564e-5	3.575424664e-12	2.747417826e-24	4.450546901e-45	3.334721544e-80	2.00635737e-138
