DensitySphericalHarmonic
30	#n_radial
4	#l_max
0	#unused
#rho
#radius	l=0,m=0	l=1,m=-1	l=1,m=0	l=1,m=1	l=2,m=-2	l=2,m=-1	l=2,m=0	l=2,m=1	l=2,m=2	l=3,m=-3	l=3,m=-2	l=3,m=-1	l=3,m=0	l=3,m=1	l=3,m=2	l=3,m=3	l=4,m=-4	l=4,m=-3	l=4,m=-2	l=4,m=-1	l=4,m=0	l=4,m=1	l=4,m=2	l=4,m=3	l=4,m=4
0.0100000000000	103549196360.926971436	0	0	0	0	0	-3886893395.147	0	0	0	0	0	0	0	0	0	0	0	0	0	-258616166.5042	0	0	0	0
0.0122949341369	101531487547.779235840	0	0	0	0	0	-3418403309.889	0	0	0	0	0	0	0	0	0	0	0	0	0	-234520758.7534	0	0	0	0
0.0151165405432	99076569858.0092010498	0	0	0	0	0	-2863602444.259	0	0	0	0	0	0	0	0	0	0	0	0	0	-198367867.0299	0	0	0	0
0.0185856870357	96076609843.3886413574	0	0	0	0	0	-2238093673.902	0	0	0	0	0	0	0	0	0	0	0	0	0	-148621787.6323	0	0	0	0
0.0228509797994	92464944461.6816558838	0	0	0	0	0	-1492138244.802	0	0	0	0	0	0	0	0	0	0	0	0	0	-87982819.95870	0	0	0	0
0.0280951291598	87028615701.5298919678	0	0	0	0	0	-501206141.9069	0	0	0	0	0	0	0	0	0	0	0	0	0	1112317296.4555	0	0	0	0
0.0345427762589	82983991336.8399658203	0	0	0	0	0	291911416.80304	0	0	0	0	0	0	0	0	0	0	0	0	0	37556139.394784	0	0	0	0
0.0424701159010	76965680711.3864746094	0	0	0	0	0	1320643117.4229	0	0	0	0	0	0	0	0	0	0	0	0	0	146287405.65826	0	0	0	0
0.0522167277791	70091568009.8703308105	0	0	0	0	0	2390559897.1559	0	0	0	0	0	0	0	0	0	0	0	0	0	283640812.10480	0	0	0	0
0.0642001228891	62402531919.3519439697	0	0	0	0	0	3380100264.6302	0	0	0	0	0	0	0	0	0	0	0	0	0	342359383.02081	0	0	0	0
0.0789336282506	54167697198.3302688599	0	0	0	0	0	4276838742.1305	0	0	0	0	0	0	0	0	0	0	0	0	0	454818472.52113	0	0	0	0
0.0970483760531	45716166503.2889633179	0	0	0	0	0	4938647905.7442	0	0	0	0	0	0	0	0	0	0	0	0	0	541948135.59179	0	0	0	0
0.1193203391671	37441665144.8975677490	0	0	0	0	0	5258154190.2916	0	0	0	0	0	0	0	0	0	0	0	0	0	618818333.57363	0	0	0	0
0.1467035711257	29721357879.2231521606	0	0	0	0	0	5147260235.7368	0	0	0	0	0	0	0	0	0	0	0	0	0	634867191.97698	0	0	0	0
0.1803710744645	22828407788.6780242920	0	0	0	0	0	4625791521.8009	0	0	0	0	0	0	0	0	0	0	0	0	0	616483191.21316	0	0	0	0
0.2217650480752	16952275309.7344684601	0	0	0	0	0	3854236591.3866	0	0	0	0	0	0	0	0	0	0	0	0	0	562887846.94088	0	0	0	0
0.2726586659961	12193922442.2909317017	0	0	0	0	0	2992850087.1144	0	0	0	0	0	0	0	0	0	0	0	0	0	452288305.87229	0	0	0	0
0.3352320340290	8492666705.94911384583	0	0	0	0	0	2209789158.7241	0	0	0	0	0	0	0	0	0	0	0	0	0	351039318.00787	0	0	0	0
0.4121655778981	5726088938.18179512024	0	0	0	0	0	1549618180.3690	0	0	0	0	0	0	0	0	0	0	0	0	0	257581799.02881	0	0	0	0
0.5067548633773	3733708830.34771537781	0	0	0	0	0	1038300324.8261	0	0	0	0	0	0	0	0	0	0	0	0	0	182581806.23937	0	0	0	0
0.6230517668801	2349243601.84138059616	0	0	0	0	0	664925369.73190	0	0	0	0	0	0	0	0	0	0	0	0	0	126747316.95268	0	0	0	0
0.7660380437699	1421452066.30469393730	0	0	0	0	0	404584786.59453	0	0	0	0	0	0	0	0	0	0	0	0	0	84886933.064811	0	0	0	0
0.9418387294546	823014473.216992020607	0	0	0	0	0	233442198.14485	0	0	0	0	0	0	0	0	0	0	0	0	0	54453338.291818	0	0	0	0
1.1579845146270	453106868.864106833935	0	0	0	0	0	126196973.54068	0	0	0	0	0	0	0	0	0	0	0	0	0	34453343.610742	0	0	0	0
1.4237343338942	237410675.710707634687	0	0	0	0	0	63387406.274597	0	0	0	0	0	0	0	0	0	0	0	0	0	19280792.633999	0	0	0	0
1.7504719863739	116988073.191987261176	0	0	0	0	0	30586797.810096	0	0	0	0	0	0	0	0	0	0	0	0	0	10169270.222240	0	0	0	0
2.1521937781036	53477088.7477481216192	0	0	0	0	0	14230079.401828	0	0	0	0	0	0	0	0	0	0	0	0	0	5062462.3818641	0	0	0	0
2.6461080751729	22177433.3919689580798	0	0	0	0	0	5988392.5603807	0	0	0	0	0	0	0	0	0	0	0	0	0	2341851.8258553	0	0	0	0
3.2533724503493	8098877.93294484913349	0	0	0	0	0	2187057.5315291	0	0	0	0	0	0	0	0	0	0	0	0	0	957377.52669926	0	0	0	0
4.0000000000000	2502544.78013026108965	0	0	0	0	0	637359.95276968	0	0	0	0	0	0	0	0	0	0	0	0	0	330020.93382460	0	0	0	0
