Multipole
50	#n_radial
4	#l_max
0	#unused
#Phi
#radius	l=0,m=0	l=1,m=-1	l=1,m=0	l=1,m=1	l=2,m=-2	l=2,m=-1	l=2,m=0	l=2,m=1	l=2,m=2	l=3,m=-3	l=3,m=-2	l=3,m=-1	l=3,m=0	l=3,m=1	l=3,m=2	l=3,m=3	l=4,m=-4	l=4,m=-3	l=4,m=-2	l=4,m=-1	l=4,m=0	l=4,m=1	l=4,m=2	l=4,m=3	l=4,m=4
0.0100000000000	-213472.24707790679531	0	0	0	0	0	17.692515678746	0	0	0	0	0	0	0	0	0	0	0	0	0	-0.274414900186	0	0	0	0
0.0130709005487	-213410.32652499680989	0	0	0	0	0	28.122514268228	0	0	0	0	0	0	0	0	0	0	0	0	0	-0.542950062030	0	0	0	0
0.0170848441153	-213315.72922813173500	0	0	0	0	0	43.923357801117	0	0	0	0	0	0	0	0	0	0	0	0	0	-1.043494930367	0	0	0	0
0.0223314298321	-213172.38307340780739	0	0	0	0	0	67.205339941491	0	0	0	0	0	0	0	0	0	0	0	0	0	-1.938723921493	0	0	0	0
0.0291891898445	-212957.82869507698342	0	0	0	0	0	100.43440716671	0	0	0	0	0	0	0	0	0	0	0	0	0	-3.465948763577	0	0	0	0
0.0381528997554	-212641.86024209487368	0	0	0	0	0	146.19877261389	0	0	0	0	0	0	0	0	0	0	0	0	0	-5.937829867614	0	0	0	0
0.0498692758346	-212185.58192966177012	0	0	0	0	0	206.82787114428	0	0	0	0	0	0	0	0	0	0	0	0	0	-9.717567540337	0	0	0	0
0.0651836344869	-211541.25007356039714	0	0	0	0	0	283.92206701333	0	0	0	0	0	0	0	0	0	0	0	0	0	-15.16320428125	0	0	0	0
0.0852008803779	-210653.18858446346712	0	0	0	0	0	377.91168982826	0	0	0	0	0	0	0	0	0	0	0	0	0	-22.55051851181	0	0	0	0
0.1113652234079	-209459.85005993710365	0	0	0	0	0	487.77773612532	0	0	0	0	0	0	0	0	0	0	0	0	0	-32.00013063283	0	0	0	0
0.1455643759746	-207896.81508047584794	0	0	0	0	0	611.00520950117	0	0	0	0	0	0	0	0	0	0	0	0	0	-43.43955532693	0	0	0	0
0.1902657481793	-205900.31639845657628	0	0	0	0	0	743.71882394093	0	0	0	0	0	0	0	0	0	0	0	0	0	-56.61815707261	0	0	0	0
0.2486944672271	-203410.88001511304174	0	0	0	0	0	880.82308954739	0	0	0	0	0	0	0	0	0	0	0	0	0	-71.16855057680	0	0	0	0
0.3250660648130	-200376.95619103068020	0	0	0	0	0	1015.8882367810	0	0	0	0	0	0	0	0	0	0	0	0	0	-86.68554873065	0	0	0	0
0.4248906204920	-196758.93240292163682	0	0	0	0	0	1140.5179318688	0	0	0	0	0	0	0	0	0	0	0	0	0	-102.7791659453	0	0	0	0
0.5553703044515	-192534.53934530736296	0	0	0	0	0	1243.0403859853	0	0	0	0	0	0	0	0	0	0	0	0	0	-119.0384957195	0	0	0	0
0.7259190017171	-187707.07526129161124	0	0	0	0	0	1306.7353436953	0	0	0	0	0	0	0	0	0	0	0	0	0	-134.7886806595	0	0	0	0
0.9488415077837	-182317.33751146850409	0	0	0	0	0	1308.8544561546	0	0	0	0	0	0	0	0	0	0	0	0	0	-148.4232193341	0	0	0	0
1.2402212984694	-176457.06942892019288	0	0	0	0	0	1223.8945249147	0	0	0	0	0	0	0	0	0	0	0	0	0	-156.1290361501	0	0	0	0
1.6210809250640	-170274.24214951976319	0	0	0	0	0	1036.7540084365	0	0	0	0	0	0	0	0	0	0	0	0	0	-150.7915807402	0	0	0	0
2.1188987552862	-163951.17800216015894	0	0	0	0	0	766.36605877672	0	0	0	0	0	0	0	0	0	0	0	0	0	-124.7712678447	0	0	0	0
2.7695914903054	-157640.74862285776180	0	0	0	0	0	478.48305491319	0	0	0	0	0	0	0	0	0	0	0	0	0	-80.49779603278	0	0	0	0
3.6201054930233	-151381.88304880264332	0	0	0	0	0	251.93517080640	0	0	0	0	0	0	0	0	0	0	0	0	0	-37.16352424312	0	0	0	0
4.7318038875014	-145060.29225222434616	0	0	0	0	0	118.01375743084	0	0	0	0	0	0	0	0	0	0	0	0	0	-12.26593746291	0	0	0	0
6.1848938029356	-138462.67807811027160	0	0	0	0	0	53.096602515573	0	0	0	0	0	0	0	0	0	0	0	0	0	-3.345719018772	0	0	0	0
8.0842131802276	-131374.61755312781315	0	0	0	0	0	23.778996278040	0	0	0	0	0	0	0	0	0	0	0	0	0	-0.878212334862	0	0	0	0
10.566794649303	-123638.81157348827401	0	0	0	0	0	10.648220968123	0	0	0	0	0	0	0	0	0	0	0	0	0	-0.230183247004	0	0	0	0
13.811752197929	-115175.03780825392460	0	0	0	0	0	4.7682665410054	0	0	0	0	0	0	0	0	0	0	0	0	0	-0.060331782992	0	0	0	0
18.053203938205	-105989.69479213154409	0	0	0	0	0	2.1352267082017	0	0	0	0	0	0	0	0	0	0	0	0	0	-0.015813157908	0	0	0	0
23.597163326119	-96178.406918713633786	0	0	0	0	0	0.9561531546613	0	0	0	0	0	0	0	0	0	0	0	0	0	-0.004144680464	0	0	0	0
30.843617506651	-85918.431788590765791	0	0	0	0	0	0.4281647712786	0	0	0	0	0	0	0	0	0	0	0	0	0	-0.001086334285	0	0	0	0
40.315385699075	-75450.191244222878595	0	0	0	0	0	0.1917319108001	0	0	0	0	0	0	0	0	0	0	0	0	0	-2.847317561e-4	0	0	0	0
52.695839705401	-65050.915076541750750	0	0	0	0	0	0.0858574270577	0	0	0	0	0	0	0	0	0	0	0	0	0	-7.462910801e-5	0	0	0	0
68.878208011812	-55005.853313617786625	0	0	0	0	0	0.0384469009317	0	0	0	0	0	0	0	0	0	0	0	0	0	-1.956051091e-5	0	0	0	0
90.030020689322	-45582.483906031025981	0	0	0	0	0	0.0172164976527	0	0	0	0	0	0	0	0	0	0	0	0	0	-5.126867367e-6	0	0	0	0
117.67734468251	-37010.603206206404138	0	0	0	0	0	0.0077095366405	0	0	0	0	0	0	0	0	0	0	0	0	0	-1.343750990e-6	0	0	0	0
153.81488691771	-29467.290195178618887	0	0	0	0	0	0.0034523255752	0	0	0	0	0	0	0	0	0	0	0	0	0	-3.521874249e-7	0	0	0	0
201.04990898068	-23062.523242436025612	0	0	0	0	0	0.0015459491809	0	0	0	0	0	0	0	0	0	0	0	0	0	-9.230309738e-8	0	0	0	0
262.79033656062	-17822.237170437187160	0	0	0	0	0	6.9227505442e-4	0	0	0	0	0	0	0	0	0	0	0	0	0	-2.418368220e-8	0	0	0	0
343.49063543363	-13675.541184780271578	0	0	0	0	0	3.1000032755e-4	0	0	0	0	0	0	0	0	0	0	0	0	0	-6.332831125e-9	0	0	0	0
448.97319351535	-10467.443359880531716	0	0	0	0	0	1.3881794672e-4	0	0	0	0	0	0	0	0	0	0	0	0	0	-1.655963709e-9	0	0	0	0
586.84839614594	-8008.4183124377295826	0	0	0	0	0	6.2162587304e-5	0	0	0	0	0	0	0	0	0	0	0	0	0	-4.33664130e-10	0	0	0	0
767.06370231720	-6126.9082578653133169	0	0	0	0	0	2.7836367188e-5	0	0	0	0	0	0	0	0	0	0	0	0	0	-1.12296349e-10	0	0	0	0
1002.6213367485	-4687.4415705020419409	0	0	0	0	0	1.2465106715e-5	0	0	0	0	0	0	0	0	0	0	0	0	0	-2.73950318e-11	0	0	0	0
1310.5163780618	-3586.1657374310439081	0	0	0	0	0	5.5818674927e-6	0	0	0	0	0	0	0	0	0	0	0	0	0	0	0	0	0	0
1712.9629245053	-2743.6256010646916366	0	0	0	0	0	2.4995557643e-6	0	0	0	0	0	0	0	0	0	0	0	0	0	0	0	0	0	0
2238.9968029773	-2099.0333380994029540	0	0	0	0	0	1.1192989930e-6	0	0	0	0	0	0	0	0	0	0	0	0	0	0	0	0	0	0
2926.5704540514	-1605.8827242109680355	0	0	0	0	0	5.0122144248e-7	0	0	0	0	0	0	0	0	0	0	0	0	0	0	0	0	0	0
3825.2911353591	-1228.5937898701031372	0	0	0	0	0	2.2444640928e-7	0	0	0	0	0	0	0	0	0	0	0	0	0	0	0	0	0	0
5000.0000000000	-939.94578666948871160	0	0	0	0	0	1.0050713335e-7	0	0	0	0	0	0	0	0	0	0	0	0	0	0	0	0	0	0

#dPhi/dr
#radius	l=0,m=0	l=1,m=-1	l=1,m=0	l=1,m=1	l=2,m=-2	l=2,m=-1	l=2,m=0	l=2,m=1	l=2,m=2	l=3,m=-3	l=3,m=-2	l=3,m=-1	l=3,m=0	l=3,m=1	l=3,m=2	l=3,m=3	l=4,m=-4	l=4,m=-3	l=4,m=-2	l=4,m=-1	l=4,m=0	l=4,m=1	l=4,m=2	l=4,m=3	l=4,m=4
0.0100000000000	18534.1932838892425934	0	0	0	0	0	3113.1875804340	0	0	0	0	0	0	0	0	0	0	0	0	0	-71.25010345549	0	0	0	0
0.0130709005487	21722.7799637257921859	0	0	0	0	0	3656.6659251638	0	0	0	0	0	0	0	0	0	0	0	0	0	-103.7124693851	0	0	0	0
0.0170848441153	25311.4703189176907472	0	0	0	0	0	4186.5138923769	0	0	0	0	0	0	0	0	0	0	0	0	0	-145.3204938653	0	0	0	0
0.0223314298321	29195.6408585033059353	0	0	0	0	0	4652.4969156305	0	0	0	0	0	0	0	0	0	0	0	0	0	-194.8138101747	0	0	0	0
0.0291891898445	33200.0935735849634511	0	0	0	0	0	4998.3679350057	0	0	0	0	0	0	0	0	0	0	0	0	0	-248.4194851139	0	0	0	0
0.0381528997554	37082.7745932405450731	0	0	0	0	0	5172.8105462792	0	0	0	0	0	0	0	0	0	0	0	0	0	-299.8157597959	0	0	0	0
0.0498692758346	40556.3656029688791023	0	0	0	0	0	5142.5497691512	0	0	0	0	0	0	0	0	0	0	0	0	0	-341.2269799225	0	0	0	0
0.0651836344869	43327.4605295017317985	0	0	0	0	0	4902.8106696881	0	0	0	0	0	0	0	0	0	0	0	0	0	-365.5618869223	0	0	0	0
0.0852008803779	45145.5969628544262378	0	0	0	0	0	4480.1821627814	0	0	0	0	0	0	0	0	0	0	0	0	0	-368.7597134056	0	0	0	0
0.1113652234079	45848.4360196387278847	0	0	0	0	0	3925.8862394611	0	0	0	0	0	0	0	0	0	0	0	0	0	-351.1556175651	0	0	0	0
0.1455643759746	45388.8407164875970921	0	0	0	0	0	3301.9977203942	0	0	0	0	0	0	0	0	0	0	0	0	0	-317.1444320826	0	0	0	0
0.1902657481793	43835.6527900810106075	0	0	0	0	0	2666.3109004441	0	0	0	0	0	0	0	0	0	0	0	0	0	-273.4129892947	0	0	0	0
0.2486944672271	41349.6354164115546155	0	0	0	0	0	2061.3485402079	0	0	0	0	0	0	0	0	0	0	0	0	0	-226.7346968745	0	0	0	0
0.3250660648130	38144.2441086754624848	0	0	0	0	0	1510.1548197791	0	0	0	0	0	0	0	0	0	0	0	0	0	-182.2843686838	0	0	0	0
0.4248906204920	34444.0785305576573592	0	0	0	0	0	1018.4054814828	0	0	0	0	0	0	0	0	0	0	0	0	0	-142.8433059010	0	0	0	0
0.5553703044515	30452.1299167774013767	0	0	0	0	0	580.92446291263	0	0	0	0	0	0	0	0	0	0	0	0	0	-108.6724772001	0	0	0	0
0.7259190017171	26332.9998373866546899	0	0	0	0	0	191.14143700508	0	0	0	0	0	0	0	0	0	0	0	0	0	-77.63169461599	0	0	0	0
0.9488415077837	22215.7792848434764892	0	0	0	0	0	-147.1060890800	0	0	0	0	0	0	0	0	0	0	0	0	0	-45.52643772468	0	0	0	0
1.2402212984694	18216.8673969938608934	0	0	0	0	0	-407.9581693285	0	0	0	0	0	0	0	0	0	0	0	0	0	-7.913673611166	0	0	0	0
1.6210809250640	14474.1973876220363309	0	0	0	0	0	-543.5317575950	0	0	0	0	0	0	0	0	0	0	0	0	0	34.031958611134	0	0	0	0
2.1188987552862	11164.6521319476796634	0	0	0	0	0	-516.8167757301	0	0	0	0	0	0	0	0	0	0	0	0	0	65.319048356676	0	0	0	0
2.7695914903054	8464.52872136826226779	0	0	0	0	0	-361.4140367862	0	0	0	0	0	0	0	0	0	0	0	0	0	64.580730361020	0	0	0	0
3.6201054930233	6456.71959531593984138	0	0	0	0	0	-185.3534395762	0	0	0	0	0	0	0	0	0	0	0	0	0	36.519779200800	0	0	0	0
4.7318038875014	5067.11770783047177247	0	0	0	0	0	-73.48763405836	0	0	0	0	0	0	0	0	0	0	0	0	0	11.976625087468	0	0	0	0
6.1848938029356	4112.00146913887874689	0	0	0	0	0	-25.73879062478	0	0	0	0	0	0	0	0	0	0	0	0	0	2.6916818050644	0	0	0	0
8.0842131802276	3414.23027824265955132	0	0	0	0	0	-8.824220000441	0	0	0	0	0	0	0	0	0	0	0	0	0	0.5431525285186	0	0	0	0
10.566794649303	2860.04082262461952268	0	0	0	0	0	-3.023117602163	0	0	0	0	0	0	0	0	0	0	0	0	0	0.1089181981793	0	0	0	0
13.811752197929	2388.08420456423709766	0	0	0	0	0	-1.035697673842	0	0	0	0	0	0	0	0	0	0	0	0	0	0.0218407419230	0	0	0	0
18.053203938205	1969.40502798044394694	0	0	0	0	0	-0.354822343257	0	0	0	0	0	0	0	0	0	0	0	0	0	0.0043795987721	0	0	0	0
23.597163326119	1593.69881169971563395	0	0	0	0	0	-0.121559503757	0	0	0	0	0	0	0	0	0	0	0	0	0	8.7821583472e-4	0	0	0	0
30.843617506651	1260.06999275878365552	0	0	0	0	0	-0.041645384611	0	0	0	0	0	0	0	0	0	0	0	0	0	1.7610358630e-4	0	0	0	0
40.315385699075	970.822255997923548421	0	0	0	0	0	-0.014267399963	0	0	0	0	0	0	0	0	0	0	0	0	0	3.5313042219e-5	0	0	0	0
52.695839705401	727.672224534180486444	0	0	0	0	0	-0.004887905433	0	0	0	0	0	0	0	0	0	0	0	0	0	7.0811217870e-6	0	0	0	0
68.878208011812	529.996445179839383854	0	0	0	0	0	-0.001674560157	0	0	0	0	0	0	0	0	0	0	0	0	0	1.4199366350e-6	0	0	0	0
90.030020689322	374.610425701460599157	0	0	0	0	0	-5.736918928e-4	0	0	0	0	0	0	0	0	0	0	0	0	0	2.8473159598e-7	0	0	0	0
117.67734468251	256.455435475581339233	0	0	0	0	0	-1.965425885e-4	0	0	0	0	0	0	0	0	0	0	0	0	0	5.7095480044e-8	0	0	0	0
153.81488691771	169.594659128582719632	0	0	0	0	0	-6.733403338e-5	0	0	0	0	0	0	0	0	0	0	0	0	0	1.1448982779e-8	0	0	0	0
201.04990898068	108.075287338272531201	0	0	0	0	0	-2.306814053e-5	0	0	0	0	0	0	0	0	0	0	0	0	0	2.2957519982e-9	0	0	0	0
262.79033656062	66.4085188020920753615	0	0	0	0	0	-7.902973895e-6	0	0	0	0	0	0	0	0	0	0	0	0	0	4.603289620e-10	0	0	0	0
343.49063543363	39.6419102217899634866	0	0	0	0	0	-2.707500262e-6	0	0	0	0	0	0	0	0	0	0	0	0	0	9.228339372e-11	0	0	0	0
448.97319351535	23.3058167988681894656	0	0	0	0	0	-9.275695051e-7	0	0	0	0	0	0	0	0	0	0	0	0	0	1.849566676e-11	0	0	0	0
586.84839614594	13.6463965590569866748	0	0	0	0	0	-3.177784366e-7	0	0	0	0	0	0	0	0	0	0	0	0	0	3.709661010e-12	0	0	0	0
767.06370231720	7.98748289474348638350	0	0	0	0	0	-1.088685360e-7	0	0	0	0	0	0	0	0	0	0	0	0	0	7.431812462e-13	0	0	0	0
1002.6213367485	4.67518633276102146823	0	0	0	0	0	-3.729755231e-8	0	0	0	0	0	0	0	0	0	0	0	0	0	1.452013779e-13	0	0	0	0
1310.5163780618	2.73645243772910840008	0	0	0	0	0	-1.277786546e-8	0	0	0	0	0	0	0	0	0	0	0	0	0	2.779680756e-14	0	0	0	0
1712.9629245053	1.60168417063496648645	0	0	0	0	0	-4.377601512e-9	0	0	0	0	0	0	0	0	0	0	0	0	0	4.488752275e-15	0	0	0	0
2238.9968029773	0.93748831410041189027	0	0	0	0	0	-1.499733454e-9	0	0	0	0	0	0	0	0	0	0	0	0	0	0	0	0	0	0
2926.5704540514	0.54872512021293751161	0	0	0	0	0	-5.13797613e-10	0	0	0	0	0	0	0	0	0	0	0	0	0	0	0	0	0	0
3825.2911353591	0.32117654484219299027	0	0	0	0	0	-1.76023200e-10	0	0	0	0	0	0	0	0	0	0	0	0	0	0	0	0	0	0
5000.0000000000	0.18798915733390186844	0	0	0	0	0	-6.03042679e-11	0	0	0	0	0	0	0	0	0	0	0	0	0	0	0	0	0	0
