CylSpline
30	#size_R
30	#size_z
0	#m_max
#Phi
0	#m
#R(row)\z(col)	0.0000000000000	0.0400000000000	0.0851278715323	0.1360409912583	0.1934810094158	0.2582846534215	0.3313959164594	0.4138798086078	0.5069378708168	0.6119256777272	0.7303725842950	0.8640040038699	1.0147665422512	1.1848563538502	1.3767511330200	1.5932462065726	1.8374952532390	2.1130562432354	2.4239432671322	2.7746850090193	3.1703907157418	3.6168246231813	4.1204899237463	4.6887234982259	5.3298027919625	6.0530663922069	6.8690500631027	7.7896402199191	8.8282470781872	10.000000000000
0.0000000000000	-71476.40554542	-71441.93557268	-71321.40120400	-71086.08280409	-70704.79349883	-70147.06309749	-69387.43374345	-68409.76439398	-67209.94844604	-65795.77912805	-64183.93350507	-62395.37328565	-60451.07371628	-58369.44794050	-56165.88442000	-53853.90411196	-51447.01576455	-48960.37591100	-46411.65284460	-43820.96867881	-41210.09421916	-38601.28239578	-36016.13005412	-33474.69906880	-30994.99983278	-28592.78144142	-26281.51250571	-24072.42884818	-21974.57281363	-19994.80629990
0.2000000000000	-71292.20940625	-71258.27960956	-71139.62243545	-70907.91158862	-70532.30862478	-69982.55112964	-69233.14592266	-68267.61239201	-67081.22808690	-65681.01747309	-64082.90974019	-62307.29049771	-60374.80045329	-58303.74248407	-56109.54839357	-53805.85309125	-51406.29001803	-48926.11107649	-46383.06355049	-43797.31923248	-41190.69649631	-38585.50616641	-36003.39952118	-33464.50391321	-30986.89544777	-28586.38699659	-26276.50576090	-24068.53946752	-21971.57576668	-19992.51558621
0.4256393576616	-70725.21204523	-70692.65015436	-70578.75433249	-70356.24155860	-69995.26762760	-69466.29692927	-68744.04083301	-67811.49878039	-66662.67214741	-65302.74733429	-63745.63178898	-62009.91654301	-60114.94888122	-58078.32673948	-55915.26444604	-53639.48305127	-51264.82789930	-48806.77197558	-46283.24476708	-43714.56698364	-41122.69961985	-38530.11260208	-35958.64297390	-33428.62588635	-30958.35513758	-28563.85739756	-26258.85925928	-24054.82770036	-21961.00788284	-19984.43753044
0.6802049562913	-69754.43868985	-69723.80451286	-69616.63284786	-69407.16818934	-69067.10116106	-68568.15918168	-67885.69686404	-67002.43055831	-65911.01210894	-64614.36041896	-63123.59606300	-61454.53802018	-59624.21841259	-57648.62655396	-55542.07746046	-53317.94103703	-50990.03597485	-48573.95570944	-46087.77567370	-43551.97802681	-40988.71483446	-38420.69328397	-35870.05643286	-33357.49912165	-30901.70561220	-28519.09697034	-26223.77562436	-24027.55207438	-21939.97709167	-19968.35604612
0.9674050470790	-68363.90468400	-68335.54387076	-68236.32796985	-68042.40124435	-67727.44852671	-67264.96171165	-66631.42642291	-65809.67255807	-64791.24371328	-63576.79417588	-62174.38877753	-60596.52132519	-58857.15488488	-56969.80617067	-54947.04635756	-52801.16381990	-50545.38181500	-48194.99539079	-45767.95792949	-43284.74553927	-40767.61562893	-38239.51206608	-35722.94942083	-33239.10876799	-30807.23583665	-28444.34359750	-26165.11514757	-23981.90453840	-21904.75437008	-19941.40590564
1.2914232671074	-66545.55865359	-66519.63088178	-66428.97151423	-66251.90671902	-65964.51274556	-65542.50516016	-64963.96637310	-64212.28714727	-63278.28257113	-62160.60973303	-60864.36046468	-59398.57166785	-57773.75695672	-56000.37037098	-54088.50066222	-52048.55427272	-49892.38901648	-47634.32698636	-45291.64460071	-42884.39206340	-40434.63993536	-37965.40690167	-35499.52605771	-33058.71276834	-30662.90331436	-28329.88595918	-26075.13998589	-23911.78905174	-21850.58804296	-19899.92113908
1.6569795822968	-64299.96838384	-64276.51178252	-64194.58853603	-64034.89487023	-63776.19810087	-63396.80336261	-62876.79283282	-62200.54047693	-61358.55603054	-60347.89865396	-59171.01598443	-57833.66760344	-56342.90948096	-54705.89871283	-52929.78132390	-51022.43895757	-48993.60173360	-46855.82061464	-44624.93342307	-42319.89267779	-39962.05018819	-37574.09604798	-35178.94292828	-32798.74069176	-30454.14094942	-28163.83067851	-25944.27630933	-23809.59841748	-21771.50696463	-19839.26725757
2.0693990430391	-61637.55349296	-61616.55239176	-61543.33578729	-61401.06528072	-61171.37157054	-60835.37752882	-60375.45344557	-59777.29959878	-59031.53002938	-58134.05814217	-57085.13811587	-55887.65759080	-54545.49519730	-53062.61445346	-51443.10236271	-49691.96439586	-47816.23882023	-45825.98657515	-43734.78994779	-41559.68502735	-39320.54062010	-37039.08301493	-34737.81521869	-32439.00615786	-30163.87330585	-27931.99867197	-25760.94611971	-23666.02313463	-21660.13006870	-19753.66871774
2.5346893540842	-58581.25836232	-58562.67477647	-58498.04646656	-58372.99868131	-58172.06133833	-57879.26094697	-57479.40782233	-56959.77227947	-56311.42341442	-55529.56449784	-54612.76418616	-53561.55857255	-52377.12442954	-51060.59470308	-49613.19404318	-48037.03563529	-46336.21583219	-44517.81373387	-42592.48765837	-40574.54643415	-38481.51606261	-36333.32806225	-34151.35181757	-31957.40399061	-29772.88053489	-27618.05457011	-25511.54800664	-23469.94617881	-21507.52247211	-19636.05264738
3.0596283886362	-55169.49671811	-55153.28334489	-55097.05342929	-54988.82394358	-54815.93736233	-54565.27320476	-54224.10526331	-53781.41059948	-53228.97949784	-52561.70081035	-51776.96649802	-50873.51659044	-49850.40053507	-48706.44910375	-47440.45214295	-46051.90700826	-44542.04579963	-42914.81179486	-41177.54216292	-39341.20197661	-37420.18685684	-35431.75409774	-33395.25338559	-31331.25003123	-29260.66750443	-27204.01003843	-25180.69528594	-23208.50483540	-21303.14949259	-19477.94904623
3.6518629214752	-51458.03153203	-51444.10508522	-51395.99172629	-51303.95098103	-51157.93454897	-50947.52314714	-50662.36501310	-50293.18037211	-49832.67053946	-49275.74682261	-48619.06793405	-47860.14000397	-46996.48133923	-46025.22313911	-44943.28527661	-43748.03347364	-42438.18606365	-41014.73397656	-39481.64389103	-37846.23877746	-36119.23926780	-34314.47381875	-32448.38423285	-30539.35577523	-28606.97157297	-26671.23987214	-24751.83978726	-22867.42420310	-21035.01204418	-19269.49890891
4.3200200193493	-47519.78157736	-47508.04740181	-47467.64967473	-47390.88687746	-47270.08194213	-47097.23068315	-46864.19411310	-46563.39056634	-46188.53436287	-45734.82223072	-45198.58607678	-44576.59470037	-43865.40635904	-43061.05714499	-42159.21275096	-41155.69717423	-40047.26510762	-38832.39548594	-37511.97217100	-36089.74896616	-34572.57804618	-32970.39691904	-31296.02707257	-29564.78601713	-27793.95374230	-26002.11277378	-24208.40276703	-22431.73946468	-20690.05948661	-18999.65188409
5.0738327112560	-43442.22943057	-43432.54020692	-43399.31598973	-43336.64982604	-43238.90347975	-43100.19078273	-42914.32853821	-42675.31955972	-42377.92590427	-42017.81841283	-41591.32736778	-41094.91608260	-40524.68575171	-39876.13379624	-39144.25681033	-38323.96634871	-37410.68302591	-36400.98996602	-35293.23369744	-34088.00589797	-32788.48489172	-31400.63894981	-29933.29061605	-28398.02866637	-26808.95248403	-25182.22973345	-23535.47754483	-21887.00482070	-20254.98457505	-18656.64214628
5.9242817692509	-39322.24762564	-39314.41193919	-39287.68634891	-39237.68403845	-39160.45556029	-39051.87485377	-38907.42775261	-38722.53920714	-38492.98225780	-38215.01784145	-37885.22253519	-37500.09723124	-37055.69780845	-36547.44476922	-35970.19049550	-35318.50398555	-34587.10665945	-33771.37109926	-32867.80404916	-31874.48214374	-30791.44402798	-29621.00368985	-28368.01955592	-27040.06368840	-25647.45179023	-24203.08125245	-22722.04342765	-21221.01422588	-19717.47173439	-18228.82790570
6.8837556651002	-35258.91696267	-35252.73844930	-35231.74013345	-35192.78930809	-35133.27282104	-35050.45933271	-34941.20551289	-34802.14338968	-34629.97847115	-34421.61665300	-34174.03838389	-33884.02668618	-33547.89944385	-33161.35871515	-32719.51690230	-32217.07703308	-31648.62649314	-31008.98147184	-30293.54672807	-29498.66520458	-28621.98343349	-27662.80274449	-26622.45321250	-25504.63628525	-24315.69118644	-23064.71099060	-21763.44173524	-20425.92403981	-19067.88542221	-17705.94153355
7.9662310328628	-31345.41984978	-31340.65946733	-31324.55794077	-31294.96136265	-31250.25664040	-31188.76205728	-31108.39861453	-31006.78047630	-30881.43516370	-30729.89911711	-30549.64348936	-30337.88680332	-30091.40536190	-29806.41542513	-29478.56908146	-29103.05224594	-28674.75955898	-28188.51016763	-27639.27860401	-27022.46223337	-26334.15329953	-25571.47617175	-24732.97019659	-23819.00895052	-22832.21204274	-21777.77729340	-20663.65309621	-19500.47730764	-18301.24301554	-17080.69995729
9.1874762661951	-27661.03838086	-27657.46248346	-27645.42528334	-27623.50241255	-27590.78832338	-27546.34109636	-27488.86308110	-27416.73453921	-27328.16251959	-27221.26401560	-27094.01785958	-26944.14371479	-26768.97518962	-26565.36031034	-26329.64464611	-26057.70357803	-25745.03791336	-25386.87750733	-24978.32154801	-24514.49355015	-23990.73933060	-23402.88584520	-22747.57368632	-22022.66512508	-21227.69945258	-20364.34406925	-19436.76673239	-18451.84508811	-17419.13913130	-16350.58548811
10.565281216177	-24265.05606224	-24262.43760502	-24253.67304880	-24237.85575702	-24214.54022620	-24183.26909473	-24143.28330114	-24093.52882011	-24032.75113261	-23959.56415946	-23872.42342985	-23769.54949560	-23648.84125285	-23507.80234258	-23343.51186391	-23152.62182786	-22931.38521972	-22675.69785333	-22381.15457554	-22043.12685065	-21656.87511642	-21217.72128357	-20721.29559640	-20163.87189259	-19542.78340995	-18856.89088243	-18107.05011939	-17296.50729974	-16431.13665066	-15519.44761529
12.119716335661	-21193.51947433	-21191.65656045	-21185.45005830	-21174.34607250	-21158.17123861	-21136.75398769	-21109.68294678	-21076.29631042	-21035.74909660	-20987.05319247	-20929.07730408	-20860.49378067	-20779.72081942	-20684.86999328	-20573.71055567	-20443.64897558	-20291.72095884	-20114.58902766	-19908.54811287	-19669.54447676	-19393.22096439	-19075.00783428	-18710.27838215	-18294.58440385	-17823.98096889	-17295.43298416	-16707.27740703	-16059.69272130	-15355.10642056	-14598.45894789
13.873425045097	-18459.49111932	-18458.20824324	-18453.94334410	-18446.37432071	-18435.46470087	-18421.19186907	-18403.34985065	-18381.53620247	-18355.19529493	-18323.65043328	-18286.10078816	-18241.59543893	-18188.99134861	-18126.91642676	-18053.73542167	-17967.52202080	-17866.03340248	-17746.68553294	-17606.53015465	-17442.23800887	-17250.09777981	-17026.04541149	-16765.73925908	-16464.69871760	-16118.52107851	-15723.18477633	-15275.43295892	-14773.21935302	-14216.17019008	-13605.99806602
15.851953578709	-16056.42862486	-16055.57411664	-16052.74200162	-16047.74686637	-16040.61202863	-16031.37111413	-16019.92978866	-16006.04814942	-15989.36920891	-15969.44146288	-15945.71780349	-15917.53977744	-15884.11097518	-15844.46841523	-15797.45565187	-15741.69255194	-15675.54632600	-15597.09822735	-15504.10926640	-15393.98570629	-15263.75257934	-15110.04245064	-14929.11398499	-14716.91164934	-14469.18537524	-14181.68239488	-13850.42131287	-13472.04824884	-13044.25805143	-12566.24282473
18.084123115907	-13963.56407436	-13963.01702485	-13961.20811625	-13958.03162856	-13953.52465445	-13947.73077720	-13940.60780724	-13932.01306203	-13921.72092435	-13909.43679930	-13894.79731971	-13877.35984711	-13856.58526541	-13831.81794513	-13802.26277527	-13766.96050037	-13724.75950080	-13674.28409246	-13613.89787246	-13541.66562006	-13455.31669676	-13352.21239768	-13229.33037826	-13083.27231080	-12910.30972995	-12706.48209218	-12467.76186926	-12190.29814836	-11870.74105970	-11506.63551049
20.602449618732	-12151.79138298	-12151.45696733	-12150.35209629	-12148.41752379	-12145.68254894	-12142.18115986	-12137.89236582	-12132.72963133	-12126.55155470	-12119.16913134	-12110.34627639	-12099.79213749	-12087.15052697	-12071.98458401	-12053.76014911	-12031.82575390	-12005.38960745	-11973.49196615	-11934.97321937	-11888.43888540	-11832.22125476	-11764.34206208	-11682.47988278	-11583.94894774	-11465.69869922	-11324.34543755	-11156.25070063	-10957.66057322	-10724.91901337	-10454.76032076
23.443617491130	-10588.70700489	-10588.51243384	-10587.87199131	-10586.75053250	-10585.16626467	-10583.13813021	-10580.65257724	-10577.65565445	-10574.05852466	-10569.74159481	-10564.55369940	-10558.30721511	-10550.77039610	-10541.65700864	-10530.61395737	-10517.20647719	-10500.90007899	-10481.03900268	-10456.82076792	-10427.26671566	-10391.18839849	-10347.15248963	-10293.44398573	-10228.03351162	-10148.55308938	-10052.28863271	-9936.200016926	-9796.981923369	-9631.180100819	-9435.376281665
26.649013959813	-9242.101748920	-9241.995378884	-9241.644893577	-9241.029974967	-9240.158390334	-9239.037959190	-9237.657055307	-9235.980914000	-9233.953680101	-9231.500190393	-9228.524618527	-9224.907219382	-9220.498855522	-9215.113904052	-9208.521488205	-9200.434727065	-9190.497479258	-9178.268321706	-9163.201416678	-9144.622805144	-9121.704999937	-9093.435375370	-9058.583861470	-9015.668429268	-8962.922796152	-8898.270374991	-8819.311959283	-8723.336545947	-8607.367797776	-8468.260116478
30.265331961035	-8081.895408732	-8081.841097083	-8081.660522665	-8081.342604758	-8080.888432693	-8080.298666728	-8079.563266200	-8078.659217511	-8077.551256977	-8076.192120997	-8074.521435001	-8072.463093769	-8069.921625891	-8066.777262607	-8062.879898716	-8058.041472301	-8052.026582465	-8044.540970420	-8035.217394841	-8023.598594701	-8009.116896177	-7991.070374778	-7968.595582741	-7940.637268262	-7905.916650607	-7862.900130503	-7809.772976582	-7744.423816690	-7664.448689281	-7567.185889299
34.345250315514	-7080.973754941	-7080.947486734	-7080.859984520	-7080.704449500	-7080.479181855	-7080.181484754	-7079.803046123	-7079.328436535	-7078.735220842	-7077.993625767	-7077.065494088	-7075.902449061	-7074.443295108	-7072.610793074	-7070.307428005	-7067.410169723	-7063.763968275	-7059.173633257	-7053.393803891	-7046.116676461	-7036.957048330	-7025.434419507	-7010.951819035	-6992.771471995	-6969.987425463	-6941.496272237	-6905.967918251	-6861.819695519	-6807.199197669	-6739.983529928
38.948201099595	-6215.460888658	-6215.448789409	-6215.408299508	-6215.335132433	-6215.226769818	-6215.079751621	-6214.887521308	-6214.639706030	-6214.321923539	-6213.915242977	-6213.395343182	-6212.731225001	-6211.883469492	-6210.801985757	-6209.423181809	-6207.666408787	-6205.429446561	-6202.582911083	-6198.963241348	-6194.364041542	-6188.525407298	-6181.120887607	-6171.741794517	-6159.878571793	-6144.899092226	-6126.024158223	-6102.300923685	-6072.575822955	-6035.469895628	-5989.361046413
44.141235390936	-5464.750194534	-5464.744716883	-5464.726088263	-5464.691758136	-5464.639333792	-5464.565605055	-5464.465748728	-5464.332854721	-5464.157445962	-5463.927434372	-5463.627088853	-5463.236297988	-5462.729405267	-5462.073646316	-5461.227252172	-5460.137034676	-5458.735306571	-5456.936055161	-5454.630083116	-5451.679006680	-5447.907736124	-5443.095213805	-5436.963077291	-5429.161925668	-5419.254923616	-5406.698625862	-5390.821133923	-5370.798173468	-5345.628391844	-5314.110279414
50.000000000000	-4811.289035242	-4811.286874499	-4811.279353978	-4811.264806171	-4811.241198211	-4811.205862254	-4811.155234283	-4811.084583808	-4810.987735352	-4810.856703646	-4810.681207093	-4810.448045036	-4810.140288627	-4809.736266556	-4809.208260026	-4808.520864714	-4807.628894641	-4806.474760117	-4804.985154473	-4803.066878271	-4800.601630361	-4797.439513912	-4793.390997268	-4788.217040830	-4781.617113679	-4773.214823588	-4762.541032441	-4749.014494830	-4731.920508040	-4710.388553146

#dPhi/dR
0	#m
#R(row)\z(col)	0.0000000000000	0.0400000000000	0.0851278715323	0.1360409912583	0.1934810094158	0.2582846534215	0.3313959164594	0.4138798086078	0.5069378708168	0.6119256777272	0.7303725842950	0.8640040038699	1.0147665422512	1.1848563538502	1.3767511330200	1.5932462065726	1.8374952532390	2.1130562432354	2.4239432671322	2.7746850090193	3.1703907157418	3.6168246231813	4.1204899237463	4.6887234982259	5.3298027919625	6.0530663922069	6.8690500631027	7.7896402199191	8.8282470781872	10.000000000000
0.0000000000000	-0.000000000000	-0.000000000000	-0.000000000000	-0.000000000000	-0.000000000000	-0.000000000000	-0.000000000000	-0.000000000000	-0.000000000000	-0.000000000000	-0.000000000000	-0.000000000000	-0.000000000000	-0.000000000000	-0.000000000000	-0.000000000000	-0.000000000000	-0.000000000000	-0.000000000000	-0.000000000000	-0.000000000000	-0.000000000000	-0.000000000000	-0.000000000000	-0.000000000000	-0.000000000000	-0.000000000000	-0.000000000000	-0.000000000000	-0.000000000000
0.2000000000000	1751.8875971859	1747.1436521642	1730.6275433130	1698.8042171082	1648.4346614586	1577.4191798420	1485.5923229925	1375.4454748164	1252.0419616357	1122.0984301408	992.45091610168	868.76043100318	754.60150723011	651.51904598285	559.51371996739	477.79527190158	405.35382647456	341.31169214634	285.00078451036	235.91987929059	193.59898203672	157.54096405157	127.17582680016	101.87830930828	81.001665740307	63.919334916398	50.052971776965	38.884474914065	29.965199446664	22.902032335626
0.4256393576616	3196.6069794064	3189.5777487929	3165.0560029352	3117.6174693311	3041.8746091469	2933.6762612145	2791.2672849130	2616.6088768362	2415.3728331140	2196.5494833933	1970.5315803345	1747.1709809876	1534.0614713819	1335.9696633156	1155.0043558754	991.44935432794	844.65983208473	713.74955318170	597.86987955720	496.28737875361	408.25121826880	332.89735129144	269.17892316662	215.90966852250	171.82951149187	135.68683916393	106.30401319673	82.616312997075	63.683035367111	48.684845561848
0.6802049562913	4361.5663255641	4353.6650587012	4326.0799286590	4272.3764830314	4186.0334013625	4061.4057318257	3895.2316995158	3687.8381303189	3443.9566604584	3172.1524729508	2883.4906395180	2589.5419256559	2300.5034494975	2024.0051856926	1764.9568193854	1525.8794048899	1307.7462901696	1110.7005502048	934.51819169388	778.77337655614	642.81760511306	525.69290887349	426.09846050798	342.43881758440	272.93909475662	215.78057410637	169.20621997587	131.59483819054	101.49432620612	77.627106292580
0.9674050470790	5260.6435323824	5252.8395665723	5225.4605062100	5171.7639176343	5084.5256261740	4957.1611040528	4785.1671262023	4567.4548305024	4307.0787847083	4011.1362415480	3689.6664983913	3354.0022501497	3015.0472113554	2682.0627371592	2362.0994063940	2060.0491032406	1779.0734846057	1521.1353525507	1287.4017933948	1078.4428899020	894.24970072213	734.20797544415	597.09910863357	481.18844648009	384.38563888950	304.42980553580	239.06091356014	186.13486121614	143.69264501575	109.98651894514
1.2914232671074	5910.1744486157	5903.0092334103	5877.7233753115	5827.6606415687	5745.3881154098	5623.8133105043	5457.6883323325	5244.7559077929	4986.4935961005	4688.1858450744	4358.0917554832	4006.1195121039	3642.4782110916	3276.5858773196	2916.4916967505	2568.7193499674	2238.4074997169	1929.5276800614	1645.0860557203	1387.1926944940	1157.0436502261	954.88196033725	780.02569674029	630.96968677136	505.60849966883	401.46385564756	315.91735359046	246.39672566604	190.48268289919	145.97217321557
1.6569795822968	6330.8862770167	6324.5587919255	6302.0277070475	6257.0571000106	6182.4008265119	6071.1165101636	5917.5312164530	5718.6619477993	5474.7582038087	5189.3457176507	4868.7093448546	4520.8314376898	4154.3710343365	3777.8256570127	3399.0700382918	3025.2101030875	2662.5697623089	2316.7182313796	1992.4295447450	1693.5532623509	1422.8564557910	1181.8980780513	970.99492732067	789.32921096319	635.15878419923	506.10254427973	399.42615932368	312.28789084636	241.91214947029	185.70010196220
2.0693990430391	6542.8034316365	6537.2309928139	6517.4535605398	6477.7993947707	6411.6561388151	6312.4117866381	6174.6321020363	5994.9636794385	5772.7331528696	5510.0525441279	5211.3675707277	4882.6598552918	4530.7097568606	4162.4710328453	3784.8072754252	3404.4383084779	3027.9281660948	2661.6365877575	2311.5665354833	1983.0596454826	1680.4831077410	1406.9303310542	1164.0854493817	952.22999519593	770.41450702601	616.73820518860	488.66785729413	383.33708397381	297.78704071574	229.13678294386
2.5346893540842	6563.5719245495	6558.7273052727	6541.5010229232	6506.9732352640	6449.3028981519	6362.6409308094	6241.9684991605	6083.9450393128	5887.3491147771	5653.1897023981	5384.3675652391	5085.0807941344	4760.2280553673	4415.0639332454	4054.9992544278	3685.6955757247	3313.1422624623	2943.6424699157	2583.6346973520	2239.3534928131	1916.3997775590	1619.3034041199	1351.2283912315	1113.8338338867	907.32942654887	730.68991271277	581.95238348879	458.54117866337	357.55880167230	276.01749042679
3.0596283886362	6410.9400373124	6406.7464121140	6391.8911881731	6362.2070618568	6312.7667310174	6238.5898845233	6135.2930947400	5999.7580443182	5830.4980474980	5627.7468212645	5393.2032716704	5129.5734370492	4840.1523990124	4528.5277797611	4198.5931588501	3854.6581851474	3501.6143052537	3145.0202110882	2790.9854746557	2445.8880511122	2115.9268429808	1806.6429421733	1522.4847269020	1266.5139756569	1040.3075280204	844.02673139222	676.63875381471	536.20667243140	420.19692887199	325.75852620132
3.6518629214752	6105.5394131317	6101.9612566881	6089.3271356458	6064.2267602012	6022.6676517650	5960.5472938413	5874.2640833597	5760.9837154409	5619.1879698454	5448.6128165160	5250.0792019539	5025.1353524796	4775.7515689043	4504.1485175779	4212.8106802736	3904.6752238699	3583.3347940087	3253.2079489625	2919.4980732078	2588.0403138123	2264.9361267374	1956.1020911545	1666.8016459860	1401.2427296144	1162.3207108012	951.52543316607	769.01395216110	613.80794394048	484.06133467753	377.34594572190
4.3200200193493	5672.7630134546	5669.7708783150	5659.2431689883	5638.4656077441	5604.3257028763	5553.6228668090	5483.3931198883	5391.3185766684	5275.9274661277	5136.6672129073	4973.7377002251	4787.8740574280	4580.0491314251	4351.3996259139	4103.2636228877	3837.3677052261	3556.0528468300	3262.4510720117	2960.5723107749	2655.2351765741	2351.8416935097	2056.0295597351	1773.2636033216	1508.4064239069	1265.3687064285	1046.8647177273	854.32206553391	687.92867371863	546.80519836079	429.23810686626
5.0738327112560	5143.0059209528	5140.5636426038	5131.9883074819	5115.2196451250	5087.9126094608	5047.6557544079	4992.1622774719	4919.5515179474	4828.5209437981	4718.3927879529	4588.9912047744	4440.4805922052	4273.1388504207	4087.3311623879	3883.5470775404	3662.5548788116	3425.6188263442	3174.6827004195	2912.5016766114	2642.6594122696	2369.4752044692	2097.7913723352	1832.6712502390	1579.0432423849	1341.3330691148	1123.1429058113	927.01823783810	754.34232636967	605.35912586661	479.30850290261
5.9242817692509	4550.4021849799	4548.4486412776	4541.6613858152	4528.4976966969	4507.2869374394	4476.2857099521	4433.8011568082	4378.3795039246	4308.9361548640	4224.7688922796	4125.5060943203	4010.9518013724	3880.9678339496	3735.4156261261	3574.2118922600	3397.4501255661	3205.5673526967	2999.5360884826	2780.9831939336	2552.2671304740	2316.4868644656	2077.3821419730	1839.1699675544	1606.3002274281	1383.1517015550	1173.7188086390	981.30599291853	808.30069678817	656.05079529532	524.86105564062
6.8837556651002	3930.3119357432	3928.8014953417	3923.5780395662	3913.5535240438	3897.5833593039	3874.4754550966	3843.0346290406	3802.1843076206	3751.0579745531	3689.0286864746	3615.6351751814	3530.5113449132	3433.2883479029	3323.5568849835	3200.9019680149	3064.9996030350	2915.7378859336	2753.3716519845	2578.6326760724	2392.8317500989	2197.9064302387	1996.4253889386	1791.5291933236	1586.8087155814	1386.1125735645	1193.2998957808	1011.9475428013	845.07546049954	694.91502246497	562.77484132178
7.9662310328628	3316.2912994140	3315.1598256864	3311.2603145378	3303.8582557295	3292.2175620388	3275.5670254309	3253.1063540384	3224.0778628093	3187.8232597623	3143.8130949578	3091.6030785525	3030.7741921815	2960.8728488541	2881.3838636038	2791.7499207259	2691.4444206511	2580.0472109319	2457.3550513703	2323.4786151099	2178.9271053162	2024.6880228702	1862.2692721753	1693.7222664716	1521.6157173384	1348.9552377032	1179.0335933517	1015.2189210306	860.69664521666	718.20629567429	589.81755622450
9.1874762661951	2736.9930353760	2736.1669012621	2733.3415529443	2728.0459150490	2719.8352511435	2708.2395046351	2692.7605946641	2672.8873270007	2648.1511703648	2618.1295500358	2582.4422500943	2540.6910566355	2492.4379995082	2437.1722302909	2374.3323618138	2303.3368437588	2223.6442795062	2134.8192650760	2036.6006234744	1928.9728207466	1812.2346968260	1687.0630681781	1554.5687424699	1416.3367614422	1274.4246031220	1131.3124837485	989.78788157086	852.76480948114	723.05217367405	603.11158254959
10.565281216177	2213.7648218610	2213.1802094650	2211.1959780246	2207.5193028825	2201.9066691171	2194.1015186721	2183.8072827698	2170.6995274137	2154.4558542720	2134.7689188211	2111.3331864267	2083.8184391033	2051.8476921829	2014.9838290506	1972.7308360956	1924.5573898324	1869.9245432918	1808.3292035580	1739.3431518469	1662.6622273246	1578.1619847744	1485.9550240040	1386.4517857970	1280.4291865398	1169.0731658777	1054.0020488603	937.23586523911	821.10728496183	708.10865375882	600.68961699000
12.119716335661	1759.4230487431	1759.0212078524	1757.6679159334	1755.1906484904	1751.4709036965	1746.3828823570	1739.7637835668	1731.4195446531	1721.1410284616	1708.7138760616	1693.9116017383	1676.4816726101	1656.1319031455	1632.5183193352	1605.2486949279	1573.8861290491	1537.9685634795	1497.0249066761	1450.6018111791	1398.2879227048	1339.7531637264	1274.7887719334	1203.3631670808	1125.6825083625	1042.2553814885	953.94648759572	862.00514787969	768.05277667857	674.01620955495	582.00001047235
13.873425045097	1378.4186400640	1378.1509011235	1377.2541598925	1375.6331154213	1373.2378905456	1370.0183956570	1365.8938459662	1360.7530216799	1354.4675468385	1346.8936593937	1337.8760067217	1327.2350133683	1314.7582271744	1300.1974780334	1283.2635119347	1263.6287936385	1240.9328857992	1214.7898436081	1184.7984502526	1150.5568562514	1111.6800133041	1067.8283363841	1018.7443868061	964.30186343599	904.55944918299	839.82720551402	770.71507397682	698.16876258084	623.47059541533	548.18887222254
15.851953578709	1068.2575485372	1068.0850711218	1067.5086405089	1066.4783428681	1064.9796990930	1062.9995736676	1060.5015687450	1057.4259566224	1053.6960834482	1049.2221189632	1043.9007968293	1037.6132479282	1030.2147965717	1021.5362059185	1011.3785500444	999.51236724829	985.67713163862	969.58410844883	950.91811304266	929.34205805118	904.50525873950	876.05849638414	843.67429475384	807.07817402205	766.09124442982	720.67897661066	671.00630545394	617.48878662311	560.82858600340	502.02240247130
18.084123115907	821.71014346968	821.60219477452	821.24448197974	820.61078692299	819.70111752365	818.51697992654	817.04469288924	815.25353210231	813.09838015281	810.52593168016	807.47137732351	803.85741440359	799.59363295834	794.56967099514	788.65549399238	781.70139636640	773.52309497845	763.92694423643	752.68152598078	739.53307099473	724.20244464993	706.39160324361	685.79334102135	662.10838610805	635.07071282769	604.48134176788	570.25046420819	532.44533512811	491.33632363104	447.43330555262
20.602449618732	629.17474807213	629.11030875932	628.89695059787	628.52190832216	627.98891676995	627.30271297731	626.45962085336	625.44379027685	624.23021788058	622.78723574801	621.07594689870	619.04961556161	616.65168467160	613.81477960167	610.45688777878	606.48167396172	601.77546860728	596.20407197254	589.61345831793	581.82449954480	572.63433273537	561.81645104751	549.12300343736	534.29317755467	517.06494319119	497.19551244709	474.48749684899	448.82439382940	420.21035714285	388.81167638628
23.443617491130	480.64373210879	480.60710371558	480.48608457406	480.27402611316	479.97448730134	479.59204855017	479.12554267235	478.56695116271	477.90266825766	477.11430463722	476.17911880767	475.06973514229	473.75235539920	472.18653163451	470.32283158442	468.10209266369	465.45346004614	462.29199543989	458.51771332848	454.01208413805	448.63592160624	442.23027069379	434.61353787257	425.58451818531	414.92732879421	402.42017449208	387.85029540371	371.03516273855	351.85027573434	330.26275376316
26.649013959813	366.95961337524	366.94002915057	366.87528184836	366.76201935969	366.60236731652	366.39912764097	366.15188998609	365.85641474200	365.50510947826	365.08774102932	364.59134317056	364.00000798445	363.29432453577	362.45039421196	361.43918882973	360.22523177846	358.76563955587	357.00830844503	354.89047949682	352.33625414975	349.25592526093	345.54283062570	341.07248721129	335.70197306484	329.27047955041	321.60283873994	312.51567261937	301.82833302704	289.37922781629	275.04790316987
30.265331961035	280.37526762076	280.36549733864	280.33326456503	280.27659624139	280.19668228272	280.09465618734	279.97029860344	279.82117248943	279.64308537555	279.43041210996	279.17578331980	278.87031266088	278.50281270331	278.05956529811	277.52383821152	276.87468369526	276.08665823392	275.12838643367	273.96158060471	272.53943164513	270.80530029828	268.69088379632	266.11463071510	262.98034506312	259.17645737017	254.57613116287	249.03917669830	242.41650219617	234.55811614553	225.32547642424
34.345250315514	214.62109725757	214.61658494779	214.60166584477	214.57539866151	214.53813981932	214.49013207536	214.43114603022	214.35971508122	214.27358187237	214.16956882608	214.04366942906	213.89088384102	213.70497451188	213.47801428752	213.20043708617	212.86023481617	212.44231748924	211.92823049698	211.29503111510	210.51437990734	209.55142768894	208.36364694523	206.89938498526	205.09647605301	202.88102876790	200.16647897845	196.85352352746	192.83115684873	187.97975204173	182.17682798475
38.948201099595	164.74032589166	164.73843162964	164.73206070490	164.72078030586	164.70455357690	164.68337658637	164.65692166618	164.62435339835	164.58446650744	164.53532420253	164.47490926198	164.40040041895	164.30824247221	164.19407385223	164.05233486028	163.87614677724	163.65680624030	163.38338879082	163.04243299383	162.61697674235	162.08601756672	161.42357712146	160.59769007635	159.56932152308	158.29113637568	156.70653120868	154.74870944489	152.34036508005	149.39429021133	145.81543124119
44.141235390936	126.87147205625	126.87072029058	126.86820097862	126.86365622269	126.85699103985	126.84809294326	126.83667641556	126.82225372785	126.80410331618	126.78127472756	126.75254632600	126.71635640484	126.67072932663	126.61317294980	126.54054542886	126.44884792069	126.33306457878	126.18684541972	126.00224668548	125.76919712325	125.47521983514	125.10464722355	124.63802238862	124.05131539711	123.31499345380	122.39311571753	121.24240392122	119.81147495515	118.04044957166	115.86122788560
50.000000000000	98.171352289613	98.168493606656	98.159496064221	98.145381667510	98.128616680342	98.111388273459	98.094559969037	98.077901532245	98.060703925703	98.042095395086	98.021141547290	97.996824330467	97.967888693301	97.932869183205	97.889909159469	97.836691126365	97.770271171558	97.686929441967	97.582013753423	97.449599333789	97.282247009072	97.070602196727	96.802941392153	96.464636255766	96.037528355514	95.499225608769	94.822345668098	93.973759966032	92.913939370823	91.596555126414

#dPhi/dz
0	#m
#R(row)\z(col)	0.0000000000000	0.0400000000000	0.0851278715323	0.1360409912583	0.1934810094158	0.2582846534215	0.3313959164594	0.4138798086078	0.5069378708168	0.6119256777272	0.7303725842950	0.8640040038699	1.0147665422512	1.1848563538502	1.3767511330200	1.5932462065726	1.8374952532390	2.1130562432354	2.4239432671322	2.7746850090193	3.1703907157418	3.6168246231813	4.1204899237463	4.6887234982259	5.3298027919625	6.0530663922069	6.8690500631027	7.7896402199191	8.8282470781872	10.000000000000
0.0000000000000	-0.000000000000	1719.9639486665	3608.2774950901	5607.0715178602	7621.2649235665	9522.8781128157	11170.225091949	12438.561924443	13253.025438776	13605.628631967	13550.991241677	13181.004603188	12595.534657951	11879.797078190	11094.516149931	10276.890197931	9447.4079757478	8617.8691210827	7797.3452084436	6995.2895779608	6221.9484075583	5487.4016513562	4800.2714646341	4166.7967198475	3590.4771535185	3072.3127004044	2611.2961373789	2205.0094347324	1850.1271495715	1542.7829752604
0.2000000000000	-0.000000000000	1693.0437296175	3552.3787036579	5521.9880467550	7509.4975246775	9390.1724712477	11025.128439228	12291.239375489	13112.987485202	13480.338304906	13444.267230298	13093.517783979	12525.607709158	11824.669730865	11051.286582769	10243.014135921	9420.8795277610	8597.1519416093	7781.2912802594	6982.9692575475	6212.5984415475	5480.3887616629	4795.0743756752	4162.9796490556	3587.7003333458	3070.3075427549	2609.8591939260	2203.9883833173	1849.4075794642	1542.2802729094
0.4256393576616	-0.000000000000	1624.8598101018	3410.3614550812	5304.3831186573	7220.4800676745	9041.4265551525	10635.710440491	11885.283417455	12715.569172077	13112.712414914	13120.502217103	12819.436748072	12300.340947592	11643.071361889	10906.502219621	10128.260679865	9330.3135878401	8526.0635893587	7725.9294233500	6940.3010119017	6180.1026244686	5455.9379170696	4776.8912807913	4149.5980142510	3577.9438998519	3063.2542846163	2604.8014244502	2200.3915717768	1846.8717445635	1540.5085803673
0.6802049562913	-0.000000000000	1528.7216987201	3209.4443222292	4994.7511481720	6805.6047397941	8534.4812200482	10060.090190611	11272.501194804	12100.298999654	12526.848522851	12588.076145998	12354.283932468	11906.411394996	11317.028312631	10640.900494164	9914.2394781448	9159.3026242820	8390.5668237510	7619.6133625291	6857.8258060727	6116.9205439257	5408.1575382692	4741.1990732006	4123.2346412765	3558.6671738991	3049.2880264043	2594.7711463415	2193.2503501268	1841.8327889523	1536.9858817380
0.9674050470790	-0.000000000000	1415.2595222754	2971.2027221619	4624.6873215723	6304.8891142675	7915.5440831871	9347.5615553189	10501.143932790	11310.132920831	11756.692916698	11869.710846210	11708.947386501	11344.352209827	10839.348867442	10242.495808375	9586.7704385060	8893.4089912733	8177.1421771535	7450.3562883478	6725.3284087956	6014.6115071557	5330.2438322217	4682.6436006607	4079.7639169976	3526.7508732087	3026.0896352721	2578.0699754870	2181.3374326839	1833.4149297166	1531.0944963826
1.2914232671074	-0.000000000000	1293.6864760576	2714.0489905077	4221.1105457786	5752.4362720808	7224.3730735773	8541.6539587943	9616.2184262297	10388.633813920	10841.290055107	10997.159390475	10906.231852562	10627.502778115	10214.668471335	9708.9724339641	9138.7237589398	8522.7426358525	7874.8282641989	7207.3097826360	6532.8104730034	5864.4119535856	5214.8109183386	4595.2029714110	4014.4102509501	3478.4993403296	2990.8620030296	2552.6168792996	2163.1315790294	1820.5222339000	1522.0553488903
1.6569795822968	-0.000000000000	1170.0317579458	2450.5942194670	3803.3448656525	5174.1823128466	6493.0056114226	7679.4294009974	8658.1484443778	9377.4989803891	9821.0641133855	10007.151071902	9976.9501265666	9779.3342639441	9458.5530246290	9048.3712096130	8571.7926859385	8044.2092471557	7477.4130678231	6882.6066641916	6271.8827188025	5658.2141897441	5054.5268612852	4472.5619199775	3921.9482835633	3409.7306895445	2940.3486680955	2515.9409225058	2136.7942592607	1801.8115357646	1508.9037570742
2.0693990430391	-0.000000000000	1047.1089097655	2187.3433526430	3382.9060051804	4587.6949063206	5745.3582094202	6790.7695362367	7661.6933143966	8314.6363181916	8735.2539359300	8937.9769470067	8956.3825788778	8830.2580470761	8595.3003356892	8278.2801171219	7896.9324881808	7462.9025234063	6985.2644406823	6473.2301427332	5937.4319119947	5389.8840371042	4843.0607954520	4308.7566400497	3797.1058939508	3316.0066434832	2870.9589592943	2465.2266329242	2100.1788738793	1775.6842210430	1490.4737082118
2.5346893540842	-0.000000000000	925.99087796399	1927.5086983106	2966.7696028234	4005.2208073520	4999.7654336924	5900.1172582604	6656.7203727376	7234.2372407587	7620.6834416508	7827.4657931555	7881.5530027874	7814.7738842752	7655.3657089440	7423.9290064975	7133.5473792077	6792.2905685987	6406.3610788806	5982.5055106954	5529.2133981088	5056.7388112486	4576.3123361097	4099.0953414236	3635.2036314421	3193.0447162545	2779.0057521765	2397.4479167322	2050.8930531669	1740.3056771778	1465.3906582491
3.0596283886362	-0.000000000000	807.44262226639	1673.5345753388	2560.6384561150	3437.1466617968	4272.1616243720	5029.0032889251	5669.9665924160	6167.4136638351	6511.7896721039	6712.0541228679	6789.5048617656	6769.1331529480	6672.7821455878	6515.9127132560	6307.7261585151	6053.2912521663	5756.2213083903	5420.7801853568	5053.0123168431	4660.8772636168	4253.6897687903	3841.2590704111	3433.0144562045	3037.3347122391	2661.1193721102	2309.6177288924	1986.4375045682	1693.6769057208	1432.1156064961
3.6518629214752	-0.000000000000	692.61271367928	1428.4860468769	2170.6642463614	2893.7813184900	3577.6195862218	4197.4596224927	4726.1282694228	5142.9298105908	5440.6415656800	5626.2210373421	5716.1319117693	5729.5601382884	5683.0195875468	5587.7892898013	5450.0418458314	5272.5460404624	5056.8663681915	4805.1207924205	4521.0042145713	4210.0327363140	3879.2040292416	3536.4100090886	3189.7457333575	2846.9250543011	2514.8234427004	2199.1826804548	1904.4574390607	1633.7785495322	1389.0066267649
4.3200200193493	-0.000000000000	583.16757544949	1196.2172605154	1803.6213659828	2385.5506640262	2930.6031265825	3424.0741093485	3847.7169842921	4186.8631194657	4436.3660680211	4601.5531176539	4694.8211605944	4730.5291159281	4720.8240495826	4673.6935117582	4593.0580543815	4480.0854509998	4334.9040957531	4158.0207154227	3951.1695249909	3717.6075281392	3461.9898276282	3190.0038211836	2907.9410701004	2622.2679598029	2339.2349175712	2064.5495803962	1803.1058439517	1558.8073620230	1334.4659230803
5.0738327112560	-0.000000000000	481.05565422932	980.92113168764	1466.3446536973	1922.1981613395	2343.9962883171	2724.9057103305	3053.9228120001	3321.3443453598	3523.7669232033	3665.2021750918	3754.7432367006	3802.7892715488	3817.9983227707	3805.8566181599	3768.6891697709	3706.6582766052	3619.0424528816	3505.3016478399	3365.7369132155	3201.7968855431	3016.0469920009	2812.0297602472	2594.0450633855	2366.9224088680	2135.7677745816	1905.6906736343	1681.5152615732	1467.5089375042	1267.1598889349
5.9242817692509	-0.000000000000	388.16132941462	786.48728933130	1164.7141634922	1511.6442601413	1827.7714099223	2112.0626650871	2359.0294517627	2562.8718817679	2721.5713442915	2838.1058507791	2918.8930152137	2971.2286005438	3001.0861806631	3012.0742350652	3005.4617302492	2980.8955947738	2937.2491981102	2873.4434559801	2788.9026997122	2683.7953659601	2559.0734891598	2416.4544543007	2258.3620175285	2087.8746475556	1908.6355975731	1724.6985480312	1540.2997772093	1359.5826290958	1186.3086256799
6.8837556651002	-0.000000000000	305.97278633867	615.82220010431	902.82369257681	1158.9244243816	1387.8570093780	1592.4351089796	1771.1059101375	1920.9318997117	2040.9382189995	2133.2683551787	2202.3163901684	2252.9902842459	2289.2495707430	2313.3796086177	2326.0068472698	2326.5587059600	2313.8739886149	2286.7095478862	2244.0733408481	2185.3841687468	2110.5171862970	2019.8427603893	1914.2578732675	1795.2548486079	1664.9589796048	1526.1154123269	1381.9738903439	1236.0858499174	1092.0311012293
7.9662310328628	-0.000000000000	235.37023204595	470.45164335289	682.39521846582	865.56730958804	1025.4479005386	1167.0409120133	1291.3003267910	1397.2498032240	1484.6235898432	1554.9389671117	1611.0742878555	1656.2043595436	1692.8386347077	1722.3695708506	1745.0584970450	1760.3362943914	1767.1926976691	1764.4835266597	1751.1408846698	1726.2632149475	1689.1480695924	1639.3279375349	1576.6462793380	1501.3649089508	1414.2883676874	1316.8494200761	1211.1216188932	1099.7289875325	985.65371041531
9.1874762661951	-0.000000000000	176.51358461025	350.35160675255	502.64638865548	629.55416219141	737.11722560057	831.19959987272	914.11442695995	986.08586786355	1047.2778078595	1098.7400108327	1142.2836749169	1179.8681739794	1213.0160902569	1242.5403949725	1268.5299802662	1290.5265588212	1307.7560074517	1319.3103244679	1324.2509383460	1321.6590672737	1310.6364237467	1290.3311388551	1260.0008655491	1219.1212670140	1167.5295207247	1105.5660143025	1034.1712202352	954.90998083899	869.89474479508
10.565281216177	-0.000000000000	128.89429826885	254.10580879649	360.60906598362	445.85156752579	515.58108927469	575.56886511498	628.62836077570	675.58717795287	716.82594023295	753.06082243331	785.38382503361	814.94655869242	842.63596123406	868.91025186377	893.79607846843	916.97889365156	937.93527692076	956.02248507794	970.52999807631	980.68909550503	985.65658381437	984.52246149328	976.34281272532	960.22434912607	935.44433190471	901.59411530791	858.71502142279	807.39711394619	748.80666821163
12.119716335661	-0.000000000000	91.488265863274	179.23627866119	251.75157575992	307.36252934121	351.02100205421	387.79460048799	420.41821062827	449.91923530017	476.73889083523	501.36026595014	524.41530798062	546.55254864525	568.26868397079	589.82310271018	611.22976480320	632.30929656565	652.75063006203	672.15178564692	690.03975485190	705.85660763815	718.94030102382	728.51131718202	733.68308866151	733.50995228502	727.06631365110	713.56074881038	692.46323378515	663.63088325757	627.39951038005
13.873425045097	-0.000000000000	62.955254484075	122.67194198622	170.74044433424	206.07541679573	232.60218495456	254.39455386694	273.78227490019	291.74030965080	308.67967655985	324.91950983112	340.81683105927	356.72543831897	372.91752801478	389.54405026473	406.63018001111	424.09560507211	441.78627495756	459.48613047813	476.91893648495	493.73169019290	509.47111099026	523.56387229908	535.31112437829	543.90223418695	548.46106443813	548.11152712354	542.07531041644	529.78209913894	510.97954057043
15.851953578709	-0.000000000000	41.838346087677	81.180837284058	112.16579129223	134.09515011332	149.85089960782	162.46220507764	173.72623209302	184.44033232336	194.93947273699	205.43340308759	216.12154360060	227.19459127108	238.80340411299	251.04372989718	263.95127601462	277.51050758372	291.66714811715	306.32941676887	321.36253547518	336.57350945833	351.69175569298	366.34703899018	380.05777441374	392.22635105847	402.15359184454	409.07040346026	412.19416633340	410.80542985147	404.34147863322
18.084123115907	-0.000000000000	26.715512554235	51.692312857204	71.061683642471	84.378010532106	93.606564419717	100.83835193369	107.34546229341	113.71334525302	120.18983685424	126.91121366063	133.99050700164	141.53321974930	149.62744826789	158.33917348477	167.70919095994	177.75806764151	188.48438442802	199.86961071291	211.86642708225	224.38985089363	237.30194238239	250.39440888687	263.37404276528	275.85179008818	287.33946037644	297.25725108155	304.95737969187	309.76566954251	311.04316739253
20.602449618732	-0.000000000000	16.288414648348	31.479200438883	43.168688857442	51.078498504152	56.451454707799	60.627993742268	64.439319969926	68.277622194644	72.311530142051	76.628922314201	81.296451351306	86.376075794097	91.923057802016	97.987058676817	104.60708979495	111.81680294348	119.64053641653	128.09360650165	137.17589065961	146.86573809718	157.10887299377	167.80656046316	178.80301315015	189.87400276296	200.71644385318	210.94398201871	220.09005630024	227.62313975314	232.97768355994
23.443617491130	-0.000000000000	9.4179757106821	18.210421872629	24.984280120058	29.570307094917	32.695271313875	35.155416089931	37.452724701013	39.828855792958	42.390968944743	45.194592470324	48.281025592892	51.689385355260	55.457555403152	59.622322452262	64.219274808923	69.281860633838	74.841801708108	80.926326412331	87.556698435137	94.740767491117	102.47143630457	110.71432741114	119.40099816755	128.41896074840	137.60137727362	146.71823028089	155.47035326148	163.48946758785	170.34765814319
26.649013959813	-0.000000000000	5.1316685706880	9.9466745668778	13.697569515413	16.286770021266	18.105478751181	19.590369226510	21.020873400239	22.535348549990	24.197201108246	26.041188426173	28.094078778470	30.381917964185	32.931498119647	35.770503844478	38.927628178930	42.431891394134	46.313243876778	50.597699183707	55.317567481536	60.487997795434	66.123071485908	72.222327097747	78.765914372211	85.708200618139	92.970022326236	100.42968097737	107.91528948403	115.19829393377	121.99179689690
30.265331961035	-0.000000000000	2.6248462079097	5.1122018352795	7.0941571447151	8.5190469817825	9.5795072097163	10.495179351513	11.409982186991	12.396928120326	13.491959430358	14.716503321709	16.088124390253	17.624871315063	19.345723553397	21.271173968692	23.423005153538	25.824372706281	28.499496514529	31.472984026920	34.769295912917	38.411133416419	42.417873116744	46.802587154181	51.569076090178	56.707088334025	62.187268005091	67.954667547739	73.921617083854	79.960625594914	85.898611899209
34.345250315514	-0.000000000000	1.2631854198324	2.4794840478447	3.4856417071932	4.2566014565135	4.8786256168938	5.4530295613229	6.0477687534561	6.6992860067698	7.4269897135958	8.2439991928351	9.1622080506570	10.193910273374	11.352526635669	12.652796399344	14.110717267375	15.743589442779	17.569868998362	19.609093042114	21.881384883877	24.406822403406	27.204612996753	30.291557360773	33.680343513662	37.376932970261	41.377202853424	45.662757662640	50.195851635813	54.913565448558	59.721842733872
38.948201099595	-0.000000000000	0.5805170833807	1.1532073109787	1.6537414237658	2.0715675766189	2.4419367073988	2.8074627314156	3.1980267969847	3.6307332086647	4.1161390401229	4.6622683299735	5.2770263509239	5.9689121323194	6.7472908252476	7.6225337596974	8.6059354226692	9.7100989204526	10.948553323825	12.335730507490	13.887319735195	15.619277297331	17.547961914631	19.689047511000	22.056972363570	24.663164379394	27.514357915175	30.609939416033	33.938727833347	37.474921845373	41.173444039318
44.141235390936	-0.000000000000	0.2641804228051	0.5337097477365	0.7866469130394	1.0195955647130	1.2458004997692	1.4818384353404	1.7400824970963	2.0285636624792	2.3529918245966	2.7183652462177	3.1301867900323	3.5940702463695	4.1164930840321	4.7046793309309	5.3665306730942	6.1108896667706	6.9473744167112	7.8865803330121	8.9398899731184	10.119480056401	11.438111341393	12.908798443354	14.544393396674	16.356817551770	18.356033888545	20.548623329661	22.935824973672	25.511006213941	28.256514671550
50.000000000000	-0.000000000000	0.1063057438323	0.2218804455605	0.3443233013721	0.4741168781529	0.6145329958725	0.7696520521536	0.9431450584781	1.1381994021517	1.3578723043332	1.6053617751132	1.8842145927568	2.1983689161014	2.5522224414911	2.9507133552294	3.3993323570892	3.9042146929324	4.4720889345272	5.1104230912198	5.8273843573155	6.6318035935092	7.5331668416816	8.5414634000321	9.6669801522394	10.919962368212	12.310078204079	13.845662919103	15.532628386701	17.372987460057	19.362910599476
