CylSpline
30	#size_R
30	#size_z
0	#m_max
#Phi
0	#m
#R(row)\z(col)	0.0000000000000	0.0400000000000	0.0851278715323	0.1360409912583	0.1934810094158	0.2582846534215	0.3313959164594	0.4138798086078	0.5069378708168	0.6119256777272	0.7303725842950	0.8640040038699	1.0147665422512	1.1848563538502	1.3767511330200	1.5932462065726	1.8374952532390	2.1130562432354	2.4239432671322	2.7746850090193	3.1703907157418	3.6168246231813	4.1204899237463	4.6887234982259	5.3298027919625	6.0530663922069	6.8690500631027	7.7896402199191	8.8282470781872	10.000000000000
0.0000000000000	-12705.96403305	-12659.31153522	-12583.72461213	-12524.17772493	-12439.30842098	-12332.78136715	-12217.65587628	-12086.92444191	-11940.30214294	-11783.79733273	-11617.80265552	-11439.71152951	-11249.00361124	-11045.74261055	-10828.61979645	-10595.87317276	-10346.46121800	-10079.70350183	-9794.835277563	-9491.224533309	-9168.709503775	-8827.610886670	-8468.680456066	-8093.174561124	-7702.914654860	-7300.282023062	-6888.163035183	-6469.863749690	-6049.009793465	-5629.426655197
0.2000000000000	-12640.46596957	-12619.68339021	-12569.56763240	-12504.80507220	-12422.16577118	-12321.92016395	-12206.63328494	-12076.19436148	-11931.95291896	-11776.83363252	-11611.44055248	-11434.42661036	-11244.95691977	-11042.45308211	-10825.76344704	-10593.44377307	-10344.44765061	-10077.97541917	-9793.297698145	-9489.853506592	-9167.496865236	-8826.532047119	-8467.712989488	-8092.309542101	-7702.148355772	-7299.609280949	-6887.578065105	-6469.359733526	-6048.581727056	-5629.067953307
0.4256393576616	-12598.90297377	-12576.50078441	-12519.45476203	-12446.02846983	-12362.27347995	-12266.70521188	-12157.51454658	-12034.75279316	-11898.95222899	-11750.54563188	-11589.88327276	-11416.86971071	-11230.85015531	-11030.87999312	-10815.96316027	-10585.12005619	-10337.37626205	-10071.86283875	-9787.894427445	-9485.048828609	-9163.224372065	-8822.719645630	-8464.299755925	-8089.260935207	-7699.446690524	-7297.235670614	-6885.511749121	-6467.582297168	-6047.071557933	-5627.802417975
0.6802049562913	-12518.80285652	-12498.12949330	-12442.09578328	-12366.72743156	-12282.45793717	-12189.65567645	-12085.79506276	-11970.84242727	-11844.32591529	-11704.86181988	-11551.84592595	-11385.26280082	-11204.56759393	-11008.84353493	-10797.25374887	-10569.08969396	-10323.54104523	-10059.78544150	-9777.224381309	-9475.557321069	-9154.742834826	-8815.129590631	-8457.502096011	-8083.195002966	-7694.066893593	-7292.506962069	-6881.395400970	-6464.038560177	-6044.062849297	-5625.280599560
0.9674050470790	-12404.99659859	-12388.19835679	-12339.81370908	-12270.74939506	-12191.54955180	-12103.73499524	-12005.44430325	-11896.75281883	-11777.12548891	-11644.97850681	-11499.33589894	-11339.67641689	-11165.19116988	-10974.81790926	-10767.76712708	-10543.41088162	-10301.03807409	-10039.92594051	-9759.572831938	-9459.782444070	-9140.598624668	-8802.431270683	-8446.117690963	-8073.027219099	-7685.047169698	-7284.572303952	-6874.487854956	-6458.094305712	-6039.015974904	-5621.047492159
1.2914232671074	-12274.33565841	-12260.52349978	-12219.38208032	-12158.12900749	-12085.56160943	-12004.01439737	-11912.50829676	-11810.64095139	-11697.66842196	-11572.30736315	-11433.51887113	-11280.46378101	-11112.17963114	-10927.60235811	-10725.83540258	-10506.13269333	-10267.79326785	-10010.18660715	-9732.897800715	-9435.780939154	-9118.966720732	-8782.938689111	-8428.606307181	-8057.371891792	-7671.145038928	-7272.336562337	-6863.831614329	-6448.920439347	-6031.221987687	-5614.512702472
1.6569795822968	-12137.68487424	-12126.26690209	-12091.22404980	-12036.90008716	-11970.28395188	-11894.21432916	-11808.54793237	-11712.65255255	-11605.64267329	-11486.41987723	-11353.90800769	-11207.05383704	-11044.78001987	-10866.01612188	-10669.77623068	-10455.20039437	-10221.53551384	-9968.192090778	-9694.783965965	-9401.186681884	-9087.593713528	-8754.549871812	-8403.027335022	-8034.462639855	-7650.778805424	-7254.398337785	-6848.200929413	-6435.463676095	-6019.782331711	-5604.918838680
2.0693990430391	-12001.95363072	-11992.12134433	-11961.27359630	-11911.98518405	-11849.75877400	-11777.65504447	-11696.17307174	-11604.68206222	-11502.24534246	-11387.87430873	-11260.47613238	-11118.87335216	-10961.92097971	-10788.52802771	-10597.63958811	-10388.28954896	-10159.67118248	-9911.162524860	-9642.362415644	-9353.146140643	-9043.714597611	-8714.653150260	-8366.956745291	-8002.076318058	-7621.949880880	-7228.982983846	-6826.040514683	-6416.374183838	-6003.548956236	-5591.299424583
2.5346893540842	-11865.72798069	-11856.86987393	-11828.66780584	-11782.58887439	-11723.12484985	-11653.41361295	-11574.42057721	-11485.65061009	-11386.22112653	-11275.20377157	-11151.51721587	-11013.95669269	-10861.35662785	-10692.60719120	-10506.60735237	-10302.32700178	-10078.89448400	-9835.644326394	-9572.124537663	-9288.167196779	-8983.946444614	-8660.023552261	-8317.382535673	-7957.456484551	-7582.159566350	-7193.864152867	-6795.392631973	-6389.958019630	-5981.072697450	-5572.431829041
3.0596283886362	-11719.10096972	-11710.80156854	-11684.22250752	-11640.14706291	-11582.34797355	-11514.00157940	-11436.38241038	-11349.18909783	-11251.65033369	-11142.88444343	-11021.85321225	-10887.38926302	-10738.34579870	-10573.62291102	-10392.11518411	-10192.77556013	-9974.693131810	-9737.146748044	-9479.636612520	-9201.920646650	-8904.108856318	-8586.696392744	-8250.602606100	-7897.198379869	-7528.325284480	-7146.287611839	-6753.835183852	-6354.106240902	-5950.544326186	-5546.786945257
3.6518629214752	-11545.18192395	-11537.29966775	-11511.85483049	-11469.23795141	-11412.74587582	-11345.50308557	-11268.99334651	-11183.11451957	-11087.19442635	-10980.41195075	-10861.78098362	-10730.20248179	-10584.58593555	-10423.86963417	-10246.97566238	-10052.88676484	-9840.685088826	-9609.618967084	-9359.139503932	-9088.936285867	-8799.032174968	-8489.821366689	-8162.114012516	-7817.164209389	-7456.695355756	-7082.896815445	-6698.400040702	-6306.232238404	-5909.739009180	-5512.475786198
4.3200200193493	-11322.15844195	-11314.66459736	-11290.37653829	-11249.38187870	-11194.56697967	-11128.96638442	-11054.18630285	-10970.28144390	-10876.68951056	-10772.62771792	-10657.17032100	-10529.29884838	-10387.98569707	-10232.21678843	-10060.96964034	-9873.274813408	-9668.232889962	-9445.088347063	-9203.261307163	-8942.381400250	-8662.382744548	-8363.539405021	-8046.519985968	-7712.421952773	-7362.803234977	-6999.682440814	-6625.533949720	-6243.225100880	-5855.966886541	-5467.206637498
5.0738327112560	-11025.88938499	-11018.90982023	-10996.17291968	-10957.52482338	-10905.44571588	-10842.77042690	-10771.13787152	-10690.74244283	-10601.09166932	-10501.46450011	-10390.98620635	-10268.70175288	-10133.64551412	-9984.857538124	-9821.367037559	-9642.246117687	-9446.630421269	-9233.768866138	-9003.056878495	-8754.076383212	-8486.671731688	-8200.993558016	-7897.551350831	-7577.257616987	-7241.471448801	-6891.997835743	-6531.093560595	-6161.435315077	-5786.051939775	-5408.241577867
5.9242817692509	-10635.11055326	-10628.78580448	-10608.17630140	-10572.90348138	-10524.98945719	-10466.95010320	-10400.36910461	-10325.54819265	-10242.07718084	-10149.27003189	-10046.30358158	-9932.281894926	-9806.287729147	-9667.403349192	-9514.701391782	-9347.279735722	-9164.293060252	-8964.984268788	-8748.719401055	-8515.033434786	-8263.669120800	-7994.650071938	-7708.316484525	-7405.386327588	-7086.980195041	-6754.661165617	-6410.434364375	-6056.732494808	-5696.362952682	-5332.436305512
6.8837556651002	-10136.20031962	-10130.72839190	-10112.81787168	-10081.95820228	-10039.66176399	-9988.043923980	-9928.532232880	-9861.484350329	-9786.577600024	-9703.169808179	-9610.483793705	-9507.685659658	-9393.895614445	-9268.231069711	-9129.782683112	-8977.666759820	-8811.034814048	-8629.102501637	-8431.188939963	-8216.755521154	-7985.437196125	-7737.112568192	-7471.948225877	-7190.435159160	-6893.448593755	-6582.276256460	-6258.635280235	-5924.673168195	-5582.931536444	-5236.289036062
7.9662310328628	-9528.501280815	-9524.037899745	-9509.275678539	-9483.597675698	-9448.076266470	-9404.325538616	-9353.548857965	-9296.098868625	-9231.751900102	-9159.915918961	-9079.871689117	-8990.843925132	-8892.008972695	-8782.499663834	-8661.439623433	-8527.944121427	-8381.155442529	-8220.252303796	-8044.488592669	-7853.231180739	-7645.997607988	-7422.500261317	-7182.700404026	-6926.852241009	-6655.554665419	-6369.786713188	-6070.942346980	-5760.839041826	-5441.704934608	-5116.134657165
9.1874762661951	-8830.242807888	-8826.702542628	-8815.001755236	-8794.571333730	-8766.069627461	-8730.662764909	-8689.236565020	-8642.128088180	-8589.175072611	-8529.867121043	-8463.569751979	-8389.580968183	-8307.132701102	-8215.415863049	-8113.590630973	-8000.799694093	-7876.179056157	-7738.878817422	-7588.095842754	-7423.097496801	-7243.264216129	-7048.129691211	-6837.428952017	-6611.146338405	-6369.569973893	-6113.333881559	-5843.460120173	-5561.387154719	-5268.969610264	-4968.462118117
10.565281216177	-8070.320348347	-8067.369983950	-8058.060373452	-8042.193497382	-8020.006027939	-7992.262023687	-7959.658740146	-7922.396302026	-7880.336440129	-7833.123400890	-7780.235342970	-7721.034141632	-7654.845319300	-7580.960777304	-7498.613747455	-7406.988063990	-7305.249351776	-7192.551678895	-7068.057363477	-6930.950019146	-6780.479304083	-6616.003115873	-6437.021905705	-6243.233263283	-6034.583114624	-5811.324021628	-5574.065647727	-5323.807634163	-5061.972931294	-4790.407858679
12.119716335661	-7267.443366548	-7265.128876649	-7258.062648380	-7246.326213243	-7229.905374012	-7209.277127414	-7184.936068800	-7156.954963937	-7125.216890139	-7089.484793411	-7049.346475059	-7004.267013274	-6953.677317623	-6896.980853580	-6833.504621913	-6762.511804906	-6683.229610007	-6594.854311760	-6496.550356057	-6387.464921399	-6266.760485426	-6133.654598182	-5987.447741833	-5827.570605496	-5653.643389018	-5465.533854869	-5263.415344334	-5047.820155194	-4819.685634780	-4580.377834489
13.873425045097	-6446.934950296	-6445.473200306	-6440.846531185	-6432.961624138	-6421.862039971	-6407.834832865	-6391.119461844	-6371.753021693	-6349.634568395	-6324.575612811	-6296.256689419	-6264.269605683	-6228.153811371	-6187.401980008	-6141.445865318	-6089.652373287	-6031.336279906	-5965.758502148	-5892.131520218	-5809.621769671	-5717.372686377	-5614.525548594	-5500.253314517	-5373.793485454	-5234.502021097	-5081.909504207	-4915.783979305	-4736.195960164	-4543.575179191	-4338.764893174
15.851953578709	-5656.629346922	-5655.804356223	-5653.014464138	-5648.034586019	-5640.994433582	-5632.052865931	-5621.297456045	-5608.730512009	-5594.275469008	-5577.771166575	-5558.986061750	-5537.626708837	-5513.341950240	-5485.725798346	-5454.318079522	-5418.608205603	-5378.021174177	-5331.914404699	-5279.586306104	-5220.275800944	-5153.168229284	-5077.406552968	-4992.115961575	-4896.430393839	-4789.532161132	-4670.700777183	-4539.371048874	-4395.201779627	-4238.143948479	-4068.507642753
18.084123115907	-4932.138290054	-4931.607173359	-4929.821734960	-4926.667979044	-4922.223808496	-4916.591221174	-4909.808225005	-4901.854497576	-4892.658946984	-4882.099831215	-4870.017588493	-4856.207760409	-4840.424325518	-4822.368419169	-4801.698167131	-4778.023574656	-4750.891722880	-4719.795650308	-4684.155718855	-4643.324444792	-4596.586461492	-4543.159665682	-4482.206729930	-4412.851767253	-4334.206322253	-4245.407323574	-4145.663858774	-4034.320296895	-3910.923592512	-3775.296514137
20.602449618732	-4281.050400720	-4280.701531934	-4279.579914565	-4277.650332100	-4274.946735722	-4271.530736419	-4267.427748531	-4262.606137540	-4257.003366986	-4250.535313021	-4243.091700017	-4234.535791807	-4224.696852682	-4213.370937752	-4200.316926782	-4185.248685790	-4167.841475748	-4147.707206153	-4124.403447661	-4097.419664360	-4066.173971564	-4030.009851986	-3988.197024200	-3939.937543729	-3884.377927960	-3820.632531007	-3747.816964162	-3665.094928473	-3571.737651198	-3467.194709336
23.443617491130	-3705.450389732	-3705.259323288	-3704.633906201	-3703.548007613	-3702.028264880	-3700.106894582	-3697.797393038	-3695.073902474	-3691.894345134	-3688.196831137	-3683.907227646	-3678.934981476	-3673.165931892	-3666.463505141	-3658.664253552	-3649.571696321	-3638.953051027	-3626.531858052	-3611.983993270	-3594.926821054	-3574.914179526	-3551.432977303	-3523.889695445	-3491.616013379	-3453.867973767	-3409.835531923	-3358.660200955	-3299.464762342	-3231.395754629	-3153.680943182
26.649013959813	-3206.753865730	-3206.656602400	-3206.332840045	-3205.761636114	-3204.959351195	-3203.945914813	-3202.720597258	-3201.271676110	-3199.568307529	-3197.571631071	-3195.232639293	-3192.492624405	-3189.281748584	-3185.510428711	-3181.071684370	-3175.835304498	-3169.643550600	-3162.306330865	-3153.596386702	-3143.241202210	-3130.915710077	-3116.235728934	-3098.749498242	-3077.931533977	-3053.179110463	-3023.810753452	-2989.072209635	-2948.150089269	-2900.196484044	-2844.367274987
30.265331961035	-2779.530212586	-2779.480228122	-2779.317178781	-2779.033680280	-2778.637092714	-2778.136478247	-2777.532155435	-2776.815068764	-2775.967238966	-2774.964724367	-2773.776701798	-2772.365711024	-2770.685966004	-2768.681378583	-2766.283316069	-2763.407599947	-2759.951273451	-2755.788289455	-2750.765036902	-2744.694070515	-2737.348410710	-2728.454355076	-2717.683166194	-2704.644048132	-2688.876494393	-2669.844432478	-2646.934897134	-2619.458406271	-2586.660131630	-2547.739601631
34.345250315514	-2416.579088491	-2416.556389739	-2416.480803037	-2416.349221869	-2416.164052103	-2415.928436215	-2415.640507105	-2415.296048813	-2414.883846027	-2414.388744774	-2413.796013804	-2413.080965645	-2412.216395026	-2411.168163273	-2409.893105179	-2408.338359108	-2406.438129989	-2404.110823214	-2401.255774746	-2397.747682234	-2393.433113112	-2388.123577510	-2381.590296149	-2373.553726265	-2363.679026885	-2351.566898487	-2336.747399173	-2318.675653153	-2296.731616983	-2270.227534926
38.948201099595	-2108.095449862	-2108.085522874	-2108.053183875	-2107.996063996	-2107.914468809	-2107.808890848	-2107.677700040	-2107.516957978	-2107.319891343	-2107.079388976	-2106.783629166	-2106.420625125	-2105.972905451	-2105.419560898	-2104.734179421	-2103.883305764	-2102.825676243	-2101.509411785	-2099.868929338	-2097.823221421	-2095.270739038	-2092.085659390	-2088.112148556	-2083.158309019	-2076.989226037	-2069.319784671	-2059.806237792	-2048.040451706	-2033.543722851	-2015.765953528
44.141235390936	-1844.519508378	-1844.516200291	-1844.502853674	-1844.479485164	-1844.444797887	-1844.399040056	-1844.340559639	-1844.266183315	-1844.172475306	-1844.055565625	-1843.907575199	-1843.720955821	-1843.485422028	-1843.187973575	-1842.812253566	-1842.337220342	-1841.736585446	-1840.977262114	-1840.017243618	-1838.803747678	-1837.270204657	-1835.333375538	-1832.889086972	-1829.807631342	-1825.927951447	-1821.051815138	-1814.936411202	-1807.287407790	-1797.751831770	-1785.912386577
50.000000000000	-1617.911376955	-1617.910232508	-1617.906476155	-1617.899301283	-1617.888032358	-1617.871446979	-1617.848650161	-1617.818621691	-1617.777793819	-1617.723546619	-1617.651989957	-1617.558102737	-1617.435474643	-1617.276016964	-1617.069147353	-1616.801624499	-1616.456601502	-1616.012597965	-1615.442346560	-1614.711351018	-1613.775845626	-1612.580742198	-1611.056499395	-1609.115912047	-1606.649824301	-1603.522295355	-1599.564942965	-1594.570624306	-1588.286746281	-1580.408562261

#dPhi/dR
0	#m
#R(row)\z(col)	0.0000000000000	0.0400000000000	0.0851278715323	0.1360409912583	0.1934810094158	0.2582846534215	0.3313959164594	0.4138798086078	0.5069378708168	0.6119256777272	0.7303725842950	0.8640040038699	1.0147665422512	1.1848563538502	1.3767511330200	1.5932462065726	1.8374952532390	2.1130562432354	2.4239432671322	2.7746850090193	3.1703907157418	3.6168246231813	4.1204899237463	4.6887234982259	5.3298027919625	6.0530663922069	6.8690500631027	7.7896402199191	8.8282470781872	10.000000000000
0.0000000000000	-0.000000000000	-0.000000000000	-0.000000000000	-0.000000000000	-0.000000000000	-0.000000000000	-0.000000000000	-0.000000000000	-0.000000000000	-0.000000000000	-0.000000000000	-0.000000000000	-0.000000000000	-0.000000000000	-0.000000000000	-0.000000000000	-0.000000000000	-0.000000000000	-0.000000000000	-0.000000000000	-0.000000000000	-0.000000000000	-0.000000000000	-0.000000000000	-0.000000000000	-0.000000000000	-0.000000000000	-0.000000000000	-0.000000000000	-0.000000000000
0.2000000000000	37.027180634990	92.856001216607	173.80370573986	200.03234424170	193.72580043585	166.50678222980	134.76687361603	111.22742512514	92.612931096058	75.614036894339	61.978331208442	50.888077301083	41.111216773882	33.488601951568	28.110329991972	23.832697753171	20.194206197210	17.404337184098	15.351233456287	13.648376145919	12.125994563972	10.812442460912	9.6803407769897	8.6439586474164	7.6583132745943	6.7266884723658	5.8541471944179	5.0386261906477	4.2805908594657	3.5867494727740
0.4256393576616	283.00355602113	271.15539319709	271.71991835903	299.09430414528	308.13483503982	294.94360308305	271.94348508095	235.30846781434	190.88908335891	153.19243311590	125.33451778521	102.39465694817	83.172888805996	68.760178910337	58.192474100375	49.573548471564	42.370150342914	36.767034303276	32.466606108946	28.873283180084	25.721133242103	22.983099212819	20.577930207158	18.369491609295	16.282538133624	14.308318454210	12.453319203831	10.716527844216	9.1040455521353	7.6296103848819
0.6802049562913	364.63623069491	352.51784505858	332.33535362281	320.90022330766	311.50560376468	298.45146359003	280.20799135106	256.25667401367	227.91500813575	197.96484292507	169.16436999850	143.31271217893	121.21002218280	102.94516932428	88.097322220478	75.967344810585	66.013364253656	57.887735708316	51.242868187532	45.666555044759	40.856164304180	36.619593546945	32.804930287899	29.282632532028	25.970001570510	22.837190634301	19.880057226876	17.105189651065	14.532034371413	12.180889301264
0.9674050470790	408.16235943443	396.95485379219	371.49668526055	346.00621465101	324.76640840178	304.75442972232	283.31793542456	261.46571062254	239.58679273242	216.91047859411	193.85901790941	171.67232454333	151.21057226568	132.62243538613	116.23311637573	102.17821488362	90.252634397831	80.129307452612	71.484481741899	64.057164060846	57.568608565771	51.763505525070	46.449526777814	41.496693200434	36.828549946643	32.403680826249	28.215978184293	24.281943936390	20.631815176633	17.296311139949
1.2914232671074	393.40105330369	385.43621680052	365.59459556994	343.47655944595	324.55703531768	306.89293350347	287.92571306186	268.72796411952	249.91598385234	230.76964930562	211.38667234990	192.55765141485	174.62027602793	157.54607135098	141.60271393183	127.19533015011	114.40350427107	103.03573585110	92.918545316526	83.919317017589	75.847248258171	68.463681590369	61.586821112609	55.105131797937	48.954619827834	43.100240751550	37.544965994348	32.319865389857	27.468060176751	23.032490385203
1.6569795822968	352.26164914082	347.15686873727	333.85572293481	318.25382088393	304.75828889136	292.43970611531	279.37060569377	265.82967090482	252.06603816672	237.70148866894	222.79562007107	207.82291953365	193.01352314547	178.41126537514	164.22007534079	150.72594822505	138.07683811376	126.27937846730	115.30880370338	105.12710621601	95.650567520787	86.739405090727	78.274828985152	70.183666823996	62.430569507486	55.009799827308	47.945894933168	41.289796240180	35.103534572283	29.444858817392
2.0693990430391	308.41225073381	305.60838661837	297.99062522078	288.72127107628	280.66904368768	273.51636320466	265.98831903048	257.95314460587	249.33565773206	240.00008472036	229.94249681496	219.32845173948	208.24241602327	196.77032732349	185.02290838633	173.20336047323	161.46567081213	149.90230919806	138.59812505588	127.60557852404	116.94639883223	106.60050792484	96.546693461570	86.778920380213	77.314967113371	68.194520251830	59.480852466874	51.252606224282	43.594870369655	36.583621007917
2.5346893540842	281.67300221416	280.16580425764	276.04199689268	271.01096253672	266.74332734910	263.18058289609	259.55822292234	255.48277174095	250.77148025170	245.32529161215	239.09196127131	232.04119971218	224.17282490052	215.51926840017	206.12171479594	196.06759322228	185.45609553492	174.40409635025	163.03363527747	151.44827785714	139.76247496645	128.05586130374	116.40952397300	104.90410414712	93.629610101455	82.687042830035	72.186262520876	62.246893384060	52.981135819370	44.487453545985
3.0596283886362	281.75998241858	280.92520215193	278.59007675797	275.71770583709	273.26738730657	271.29001560095	269.32240395924	266.99574866938	264.12472880880	260.61103714890	256.36322165528	251.27218935609	245.26696291838	238.30739270397	230.35628925837	221.41262120910	211.50879890609	200.72027437578	189.15868054132	176.93741589044	164.20833212984	151.12290242235	137.84229340043	124.52881978179	111.34844006980	98.468381529910	86.057064518917	74.276400733568	63.273863189944	53.174588325551
3.6518629214752	309.41928281801	308.82496885233	307.10779299519	304.82441694976	302.64808637387	300.67795805996	298.64516564910	296.27506282185	293.39965722002	289.93183867579	285.79448848432	280.83513620356	274.98039299539	268.14676024425	260.26247321938	251.26915103994	241.13806122640	229.90431622096	217.63124588123	204.41698414077	190.41053924528	175.78939245664	160.76123994058	145.54246469747	130.36137567886	115.44662806386	101.02009787477	87.290268207745	74.442851434862	62.629937859045
4.3200200193493	360.48688696099	359.86632649334	358.02558138611	355.33844539932	352.35113992397	349.27801629785	345.99632415742	342.31647313415	338.08555920221	333.24893040071	327.72375889268	321.39890917795	314.19992515248	306.04030924242	296.84328439980	286.53649611971	275.09024618671	262.48564249688	248.76889477813	234.00388798674	218.32139799118	201.89543839952	184.93951906099	167.69702652718	150.43064952776	133.41077256444	116.90338986617	101.15682132910	86.391081529778	72.788313818855
5.0738327112560	425.50545825283	424.76461654265	422.47295081261	418.91926759235	414.65301229994	409.98104075965	404.91345815871	399.31363443367	393.06820163023	386.12896706378	378.43285344431	369.90139645810	360.45899464414	350.05199345472	338.62404114207	326.11981858651	312.50572346108	297.77973896732	281.96793224182	265.13783642787	247.39618768607	228.90147588049	209.85627236988	190.50422880773	171.11733402905	151.98388197992	133.39478472666	115.62732102453	98.930138986078	83.512143447217
5.9242817692509	491.27619153449	490.43700232006	487.75006570941	483.40830784225	477.95733348859	471.80540953699	465.06608338712	457.64853421422	449.46584832996	440.46847622903	430.60210335930	419.80490902478	408.02368460234	395.22917595117	381.37956140769	366.44905687750	350.43758304552	333.35685319390	315.24237649217	296.17227758818	276.25263214517	255.63334884676	234.50583714473	213.10148093455	191.68577714439	170.54802071898	149.98737358127	130.29662140266	111.74561883556	94.565462519554
6.8837556651002	544.48315287227	543.56623206914	540.65448148804	535.88365001939	529.70987014536	522.59977545855	514.75042493974	506.11072320441	496.60651432876	486.19113045843	474.80692321866	462.40049676848	448.93442896841	434.37814881243	418.71361752717	401.93347286157	384.04818398413	365.09238433324	345.12279712197	324.22174750097	302.50417180929	280.11988078572	257.25580419393	234.13522927213	211.01501748667	188.17919437889	165.92778406787	144.56108942316	124.36347515062	105.58577958974
7.9662310328628	572.37242546028	571.48064367735	568.65499149112	563.97716418177	557.79843439147	550.53642211473	542.45983168639	533.56753529881	523.78805348137	513.06531173017	501.33965293177	488.55651752425	474.66787047076	459.64745375171	443.46583909475	426.11999038452	407.60362990476	387.96477707154	367.25847985262	345.56442444404	323.00040555230	299.71676078791	275.90014051888	251.77134773158	227.58512272284	203.62469022494	180.19145428010	157.59272721469	136.12617597729	116.06149022507
9.1874762661951	565.74590314804	565.15771207205	563.04073866933	559.21865474441	554.00888546316	547.75662281033	540.65578891428	532.77403029254	524.07330970514	514.45988845728	503.85572375414	492.21262558550	479.47030793544	465.56541356402	450.45732978817	434.12283325794	416.55496644008	397.76317110929	377.78711230246	356.70020022483	334.60936967430	311.65609914386	288.02060025400	263.92200753558	239.61307181758	215.37792914172	191.52070642013	168.35610311719	146.19481951055	125.32640669539
10.565281216177	535.95325966625	535.58778192345	534.09928464174	531.19029541938	527.12328220982	522.13054196281	516.33697165081	509.84277499045	502.63517562405	494.61181940630	485.68993836552	475.81691647168	464.92293745122	452.92584734167	439.76730494101	425.40748540644	409.81227914155	392.96840051848	374.88417813239	355.60602189840	335.21162792138	313.81537612482	291.56965268950	268.67096165050	245.35405604378	221.88564371481	198.56215066347	175.69579598640	153.60294196210	132.58925712985
12.119716335661	495.93462564842	495.45461511301	493.97983505669	491.51718076693	488.09661971907	483.86179499702	478.97398542006	473.46448959874	467.32969885450	460.52111287393	452.97599794195	444.62608332663	435.39887777143	425.23970009486	414.08546031030	401.88004299116	388.57681686620	374.14268394384	358.55756206342	341.83338963051	324.00000892544	305.12603718985	285.30957830312	264.69634882442	243.46924815541	221.85220530938	200.10325060467	178.51059923046	157.37900771128	137.01521649192
13.873425045097	437.22469961829	436.78350998853	435.56460087500	433.68316654300	431.08802239300	427.85678490467	424.10865910371	419.86234864553	415.09787474709	409.80840949024	403.94476064883	397.43613144950	390.22256529713	382.26216528207	373.49511931887	363.85893148410	353.30130686250	341.77949771550	329.26167199611	315.71697667155	301.14240792958	285.55648602088	269.00717695121	251.57437634339	233.37718694678	214.57564808541	195.37108272314	176.00238798616	156.73884866272	137.86873481342
15.851953578709	362.01969176994	361.81948728657	361.17949846962	360.08663088555	358.54313834705	356.58885751933	354.26703533384	351.59156454277	348.55502263145	345.14141626248	341.31204996576	337.01528181594	332.20249366023	326.82054342978	320.81253614191	314.12139750951	306.68952075871	298.46079953503	289.38424554925	279.41389756222	268.51613071566	256.67237110475	243.88511914736	230.18122705953	215.62029206711	200.29797118407	184.34975143517	167.95197901486	151.31954793179	134.69984523476
18.084123115907	290.29364470632	290.20948575436	289.89027266899	289.28075619677	288.40732951006	287.29250082535	285.93599525244	284.35407642782	282.54585008781	280.48670460259	278.15788619253	275.52349514568	272.54400151680	269.17929211628	265.37721603876	261.09065880519	256.26784922615	250.85052613331	244.78115910020	238.00524556955	230.47126091300	222.13460898818	212.96237155026	202.93848215311	192.06995289372	180.39137939017	167.97048718650	154.91412276714	141.36873998505	127.51983691488
20.602449618732	229.65318586659	229.58651108902	229.36822456558	228.98471765868	228.44464224392	227.75851868628	226.93311918151	225.96744613708	224.85735369909	223.58997275800	222.15160544380	220.52030050168	218.67079049541	216.57490881257	214.19916981161	211.50663516630	208.45661875381	205.00486410224	201.10278881681	196.70015748446	191.74415029131	186.18330154267	179.96883228774	173.05931871821	165.42496024480	157.05318685880	147.95473290236	138.16974271438	127.77295505365	116.87720894092
23.443617491130	178.01953454652	177.97776910008	177.84689328369	177.62549910860	177.31765387393	176.92826187400	176.46204096879	175.91509785795	175.28349660219	174.55574133776	173.72777388093	172.78171196068	171.70464034878	170.47556391342	169.07344511389	167.47274716854	165.64516640528	163.55813518194	161.17600333493	158.45906534042	155.36428031069	151.84530595303	147.85487635708	143.34606128439	138.27524676338	132.60614503158	126.31459381345	119.39428924672	111.86288679961	103.76781676145
26.649013959813	135.60776674691	135.58907437381	135.52592383620	135.41491257813	135.25928120822	135.06250374049	134.82630917960	134.54836271177	134.22519533222	133.85093888006	133.41997444898	132.92310141734	132.34992032894	131.69115620018	130.93053113345	130.05208818544	129.03672864850	127.86249379404	126.50403363518	124.93268865658	123.11603055246	121.01817485175	118.60000274709	115.81991629263	112.63523534713	109.00421391435	104.88912497390	100.26026596798	95.100932305056	89.413117196565
30.265331961035	102.77724343638	102.76751950733	102.73536997046	102.67774149927	102.59662065258	102.49323948702	102.36942221359	102.22098514591	102.04689148739	101.84382972618	101.60841948714	101.33708845109	101.02533841775	100.66737911606	100.25561868014	99.780449614923	99.230146055406	98.590679753714	97.845578416989	96.975531583005	95.958129523571	94.767596361259	93.374679959715	91.746719575137	89.848057749384	87.640935527727	85.087021590403	82.149702331678	78.797347559615	75.007508160542
34.345250315514	77.099865242676	77.095598843380	77.081742020084	77.057754467712	77.024324328083	76.982469409808	76.931688779034	76.872213025195	76.803483077591	76.722463734626	76.627837126120	76.516482425219	76.385397276937	76.230542073328	76.047138702166	75.829447405236	75.570346099977	75.261457344793	74.892664245644	74.451736888077	73.924247666042	73.293121829578	72.538474357917	71.637226918594	70.563205253688	69.287208916417	67.777547591627	66.001043548629	63.924727590077	61.518369124838
38.948201099595	58.246738368517	58.245020188891	58.239327242187	58.229383065660	58.215461180261	58.197312246866	58.175863979821	58.150438075691	58.120355335100	58.084596446969	58.042269444959	57.991946148329	57.931891380909	57.860021438543	57.773752899998	57.669927578947	57.544592824985	57.393115008942	57.209314608833	56.986248649365	56.715172794585	56.385531596400	55.984644009018	55.497419438761	54.906099646964	54.190116166914	53.326040185369	52.287929280101	51.047926374485	49.577507683170
44.141235390936	44.236577669527	44.235945328821	44.233762712855	44.229955990869	44.224541517642	44.217584882965	44.209052182673	44.198672962502	44.186350675491	44.171412262952	44.153308975838	44.131373041851	44.104682226786	44.072118422678	44.032331067164	43.983483007278	43.923478841522	43.849618084991	43.758558501767	43.646159801050	43.507311107851	43.335741083787	43.123770922546	42.862145635662	42.539443724661	42.142385572567	41.655202095695	41.059672153529	40.335212440595	39.459267710983
50.000000000000	33.931254750905	33.928472054726	33.919692415574	33.905975546988	33.890015585585	33.874056024534	33.858900237045	33.844691845344	33.830912172947	33.816989961663	33.802400782914	33.786594377507	33.768989397152	33.748925671801	33.725610787221	33.698011960911	33.664999662222	33.625023597186	33.576192965332	33.516165989650	33.441952843704	33.349928110180	33.235537560396	33.093172707106	32.915947841600	32.695472126266	32.421649964445	32.082464157488	31.663853190045	31.149704720174

#dPhi/dz
0	#m
#R(row)\z(col)	0.0000000000000	0.0400000000000	0.0851278715323	0.1360409912583	0.1934810094158	0.2582846534215	0.3313959164594	0.4138798086078	0.5069378708168	0.6119256777272	0.7303725842950	0.8640040038699	1.0147665422512	1.1848563538502	1.3767511330200	1.5932462065726	1.8374952532390	2.1130562432354	2.4239432671322	2.7746850090193	3.1703907157418	3.6168246231813	4.1204899237463	4.6887234982259	5.3298027919625	6.0530663922069	6.8690500631027	7.7896402199191	8.8282470781872	10.000000000000
0.0000000000000	-0.000000000000	1879.6357735864	1305.4108639026	1249.6773270213	1640.2881805794	1606.9957883326	1567.6418354807	1595.5725470079	1541.0317637815	1442.9539419082	1366.0202192713	1300.5048506809	1230.2657925776	1162.4854290082	1103.0828990752	1048.4863203593	994.94209175657	942.46452734612	891.38265252310	840.88322836190	790.12841099934	738.92624354475	687.31002016246	635.34041466468	583.21183112664	531.27693044778	480.02622711313	429.99057582259	381.73028880570	335.78505729974
0.2000000000000	-0.000000000000	930.13013497693	1205.8531575281	1350.6523627770	1510.1656787515	1568.5347420765	1582.6235326448	1574.1699943632	1518.9981430877	1436.4773998775	1359.8958160872	1291.2750272787	1223.8394320935	1159.5183037647	1101.0670210875	1046.5584647472	993.58226297124	941.69483499998	890.86363637741	840.44213277207	789.78125558255	738.67109898073	687.11493679957	635.17849116690	583.06992580991	531.16008729602	479.92807090720	429.90963026627	381.66374533797	335.73205042277
0.4256393576616	-0.000000000000	1021.8245687168	1401.5980504352	1454.4640972698	1463.0354017581	1486.4130476961	1495.6189764446	1477.4077018929	1439.3078075880	1386.9234887587	1326.4682301940	1264.4970525968	1204.9505771464	1148.0490709909	1093.3353615786	1040.5670789349	989.28419244380	938.91708437856	888.93590183701	838.92627869468	788.59813366210	737.77452941035	686.40711877365	634.58806994383	582.57230371934	530.74709921232	479.58435135175	429.62519168429	381.43098300594	335.54530502385
0.6802049562913	-0.000000000000	960.51851888453	1424.5232122154	1492.8933650887	1442.5773237673	1426.9733367154	1410.5351164451	1376.4823537826	1344.2510441974	1312.1217809956	1270.7776535523	1223.1168225308	1175.0779228265	1127.3108545776	1078.7929259686	1030.0178313322	981.69095751155	933.56766982396	885.07843156518	836.00745311446	786.34058894019	736.01237228887	684.99115308457	633.41449733467	581.59078267219	529.92336402865	478.89859087175	429.05831894955	380.96769742539	335.17339948348
0.9674050470790	-0.000000000000	795.49793362615	1271.9152335072	1391.7090967428	1362.7524025637	1351.0498030513	1334.1302225978	1301.1913891259	1271.8944516614	1245.5382245631	1213.3454421546	1176.5673526267	1138.9179071567	1099.9704760710	1058.3943895684	1014.8994970784	970.53271125364	925.33000315122	878.93443459652	831.32859194286	782.70301650057	733.11661711613	682.63297660596	631.45917096914	579.95150019094	528.54791264865	477.74762675621	428.10600734345	380.19078635614	334.54978983375
1.2914232671074	-0.000000000000	660.71146146447	1104.0695284112	1257.2369441479	1261.2402160742	1256.3185204687	1245.1668449488	1224.6307941314	1204.2337458413	1183.8660954710	1159.4390060711	1131.3792112976	1101.3810335736	1069.1516336160	1033.9522975405	996.05607027685	956.05527726757	914.13822812368	870.27162943918	824.59593376968	777.36619831894	728.78687987327	679.05646641516	628.47298827114	577.44035547866	526.43309268033	475.97739489602	426.63961186705	378.99382012235	333.58778037708
1.6569795822968	-0.000000000000	550.78270120865	958.16328970742	1136.1024318288	1171.1938226892	1174.5168842915	1168.1718973387	1156.7607806484	1143.2631335214	1127.8184980339	1109.5239649784	1088.3207785866	1064.4116345692	1037.6264692356	1007.7120205463	974.71764443964	938.84288280304	900.24877508589	859.08374691163	815.57247197784	770.00613596274	722.68668368408	673.94183474221	624.15703158329	573.78820465526	523.34674776045	473.38783776781	424.49167799271	377.23841036628	332.17743789332
2.0693990430391	-0.000000000000	477.65192574199	854.39552431480	1046.8479546740	1105.3283201695	1115.8731069696	1112.4016470730	1105.6814389354	1095.6912200607	1082.9419209297	1068.1682289734	1051.0326016705	1030.9650487020	1007.8375509937	981.66632045846	952.34258176319	919.79110325599	884.09223472619	845.46014376485	804.10932246947	760.32618658626	714.45967198398	666.91830326336	618.15369424440	568.66593129877	518.99881530034	469.73027543492	421.45400840355	374.75412825609	330.17943855357
2.5346893540842	-0.000000000000	432.20635032276	788.45878003650	989.82356575024	1064.5128761714	1081.1170922660	1078.9741739234	1073.0914082631	1063.5757345248	1051.2184710581	1037.2936099604	1021.4213163123	1002.8315774186	981.39259836597	957.17443666812	929.98330762897	899.60887555418	866.05531336268	829.47269419866	790.04426351465	748.00654141425	703.69887942358	657.54981103415	610.03542703804	561.67648230216	513.03354325441	464.69763091843	417.26674664451	371.32527835400	327.41958102683
3.0596283886362	-0.000000000000	404.53607096149	747.79704891580	954.76477423652	1040.4693146797	1061.9021286056	1060.2740256892	1053.3985648669	1042.6737878277	1029.2668196577	1014.4661848989	997.98473064849	979.13026765269	957.79032495730	934.00145797871	907.56801612831	878.24794143483	845.99490951002	810.88296734885	773.02507657452	732.60218085156	689.89866814805	645.30934607758	599.28605006677	552.34020438804	505.02185389607	457.91709621698	411.61263529454	366.68829632059	323.68326846806
3.6518629214752	-0.000000000000	385.43927342167	718.61949706154	928.24799311946	1021.2160964095	1046.3188085853	1044.9647108462	1036.7508623750	1024.5006048131	1009.6980472859	993.53268193120	975.78888536107	955.95249414303	933.94063289295	909.79514971657	883.34299126342	854.39310641523	822.86780066890	788.80951750144	752.27442683450	713.38280525594	672.35781326884	629.52320578660	585.27773701097	540.08210381750	494.45220560540	448.94021021963	404.11161649854	360.52649467779	318.71113744740
4.3200200193493	-0.000000000000	366.62153713673	688.07125024484	896.81228438644	994.10054581618	1022.1736672618	1021.4174644339	1012.2991942279	999.02879557668	983.35841605040	966.26321585730	947.62819237908	927.10911521604	904.64881781624	880.26840986568	853.86896172065	825.29750183566	794.51314251557	761.53295257484	726.40432862281	689.19962439942	650.09013465646	609.32926063749	567.24178499579	524.22284364464	480.72409085601	437.24873273977	394.32069611079	352.46866237051	312.19786523662
5.0738327112560	-0.000000000000	341.97890862433	645.76312855142	848.64590285117	947.55613933516	978.28781748563	978.85015248488	969.85863185457	956.65749081193	941.23856449910	924.34329193354	905.92926346326	885.79865848979	863.89444440569	840.22096626611	814.71345895957	787.28884462031	757.91839015871	726.63328131747	693.46279520732	658.47997385983	621.81376323826	583.65932203850	544.27455887958	503.98205759664	463.16634012365	422.26364485670	381.74498955486	342.09651701340	303.79545526068
5.9242817692509	-0.000000000000	309.16900332495	586.82057207307	777.49978645432	874.95734269769	907.91621080770	910.58630577552	902.83259815644	890.92647877606	877.03603972760	861.69197106508	844.90433336837	826.57257317501	806.63269146111	785.05576813299	761.78842410514	736.78290252913	710.02823057025	681.53559906697	651.33717707661	619.49723109426	586.11887273562	551.35526381724	515.41044203092	478.54563280040	441.07880958711	403.38083029452	365.86389622303	328.96578502421	293.12932749842
6.8837556651002	-0.000000000000	267.96424123096	511.13221155509	682.96619029779	775.35385964600	809.78523117120	815.19326712601	809.64397439870	800.08871414412	788.82854228700	776.23860981729	762.36349743927	747.16730430785	730.57362393496	712.50157174530	692.89476612199	671.71238002529	648.92426505499	624.51761129993	598.50692424320	570.93526206737	541.88050479138	511.45797848841	479.82825584539	447.20120288940	413.83798540978	380.04932055912	346.18995281307	312.64747541051	279.82644174105
7.9662310328628	-0.000000000000	219.39446431022	422.97185931764	570.80017479357	654.08489511653	688.85379555515	697.30118287010	694.63392739454	688.15691655175	680.28968917081	671.26707405183	661.16309222758	650.00870259236	637.70507674078	624.12439325134	609.19368384239	592.85964363768	575.07764376867	555.78433015495	534.96872624665	512.64272333700	488.84734661113	463.65379459600	437.17925204950	409.58354719480	381.07286842719	351.90041732093	322.36406105055	292.79911753243	263.56789633722
9.1874762661951	-0.000000000000	173.74054151646	335.38208691985	455.65440375855	526.99174077217	559.88226933692	570.46165638380	570.70302895318	567.23938359932	562.49886227365	556.88083856266	550.47824567549	543.27512648100	535.18202756383	526.08596872281	515.90427780420	504.56349791956	491.98450171891	478.09350287134	462.83778746116	446.18736309195	428.13478076952	408.70107380655	387.94384737239	365.96003832606	342.89138712002	318.92404573447	294.29093511480	269.26764763462	244.16580404653
10.565281216177	-0.000000000000	141.98488803981	262.18613350211	353.40102453350	411.71138214330	439.57022483073	450.04130874144	452.47382558350	451.10104778480	448.18674857752	444.85758751320	441.16899626716	436.85936240466	431.90880355012	426.34893822911	420.08710213409	412.98461444532	404.95909728999	395.95129106068	385.87971154221	374.66042703619	362.22897097038	348.55133351011	333.61552496303	317.44025169529	300.08274300552	281.64910027505	262.29219409157	242.21416389917	221.66225237476
12.119716335661	-0.000000000000	110.08517427358	195.39100817449	260.86220857085	305.41956625005	327.39146217381	336.88750300759	340.69180594160	340.97433669033	339.62159391602	338.11575018855	336.54063649563	334.53691141198	332.13052589819	329.43832404688	326.37648864148	322.78762176093	318.60773745317	313.78218711871	308.22485471511	301.82067625160	294.47054004915	286.09536591569	276.62338366398	266.00189760127	254.20781943189	241.26322319594	227.23127308956	212.23073606636	196.43053211073
13.873425045097	-0.000000000000	70.253457216770	130.01621593955	175.94666084775	206.74252209434	223.65576004115	232.30643929394	236.59574970561	238.35128361419	238.90726223326	239.22450458951	239.48733289437	239.59876789834	239.56162168088	239.39528817124	239.04693874650	238.42970889953	237.47834180261	236.13148168846	234.30346703853	231.89236603360	228.79369811219	224.90753398142	220.13051020019	214.36762538165	207.54308802747	199.60736454328	190.54862804138	180.39997638685	169.24606817941
15.851953578709	-0.000000000000	40.588253517349	80.733878864919	111.50798819717	131.22067603586	143.23544393456	150.18391724211	154.03860554039	156.34908525537	157.93072126855	159.21690051366	160.43659838923	161.70085938831	163.00348805300	164.29894625640	165.55858274230	166.75542843570	167.83940622457	168.74294909122	169.39596186072	169.71722115625	169.61388294775	168.98132675161	167.71075019467	165.69065801388	162.81479436159	158.98923628753	154.14294666076	148.23660039851	141.27407494438
18.084123115907	-0.000000000000	26.170470391968	51.273993059053	70.395164087777	82.690766714268	90.213641016235	94.813785180525	97.730783604294	99.753197696244	101.30586586894	102.65885937185	103.98510766853	105.39453793027	106.90744967334	108.50905559674	110.19026494262	111.93841168184	113.72645949604	115.51734526275	117.26369467554	118.90715520618	120.37634354002	121.58548685387	122.43668215277	122.82179346072	122.62754190706	121.73902319404	120.04919783523	117.46814576918	113.93393572010
20.602449618732	-0.000000000000	16.732950108375	31.630873390098	42.869410071811	50.223477877804	54.602755808996	57.378785225245	59.382467189032	60.929084330233	62.218591324624	63.415090541965	64.617228190303	65.893575123236	67.275444609761	68.776892603717	70.398038028395	72.134798943957	73.978395576222	75.914763637369	77.921179515942	79.964868976238	82.001943387582	83.975925912492	85.816247781662	87.438538956982	88.745543146678	89.630029122985	89.979642027833	89.684047693976	88.643976395595
23.443617491130	-0.000000000000	9.2239756983049	17.707644806737	24.097515286544	28.204384591399	30.696693696232	32.338718214331	33.603525595370	34.696581981454	35.709102102251	36.700303793909	37.719027236609	38.806340294561	39.990657982663	41.286868240036	42.702311768619	44.239096682781	45.897917780702	47.676023886829	49.565559638404	51.552074424090	53.613864019118	55.719729382692	57.827216502091	59.881357650259	61.813713131791	63.542536215557	64.974306316687	66.007191574540	66.536823029216
26.649013959813	-0.000000000000	4.7023856235673	9.2421629989506	12.683823679019	14.865050051502	16.232689234513	17.172917501675	17.934935062483	18.652459843119	19.372221218498	20.108154854512	20.879079611350	21.711297230071	22.624944714320	23.631355634213	24.739977415431	25.957255861165	27.288101441819	28.735736857740	30.300773988186	31.980267000746	33.766569109414	35.645868418013	37.596649207760	39.588057958808	41.578350512469	43.513682961294	45.327605306626	46.941698100590	48.267837059037
30.265331961035	-0.000000000000	2.3806585979272	4.5927680337530	6.2641700399264	7.3399324349176	8.0071598622355	8.4799506273087	8.8955299267617	9.3192826321655	9.7770176349735	10.280135188010	10.834674398728	11.446604620036	12.122434863956	12.869226980314	13.694185780382	14.604266814841	15.605985671677	16.705063267783	17.906052791398	19.211726023723	20.622395499542	22.134806431207	23.741115308543	25.427439698136	27.172378207629	28.945555601384	30.706175892947	32.402199547337	33.970308852420
34.345250315514	-0.000000000000	1.0932963627150	2.1184807834767	2.9079109935613	3.4361018314276	3.7840029516893	4.0501678138956	4.2977918861323	4.5590714945741	4.8473688636466	5.1698610120218	5.5316177805488	5.9369479481459	6.3906549268117	6.8978313443268	7.4638833421382	8.0944294257068	8.7951682613765	9.5717538286062	10.429509307572	11.373135528327	12.406220170845	13.530696105058	14.746002260546	16.048247550496	17.429032731572	18.874120164830	20.362117090626	21.863057283916	23.337371496639
38.948201099595	-0.000000000000	0.4669159058413	0.9116482498764	1.2681747683712	1.5233990729169	1.7107753449442	1.8688473568458	2.0262240220691	2.1960487273564	2.3851982298889	2.5972563015710	2.8356152058013	3.1033599419370	3.4039124685711	3.7409734946481	4.1185828255883	4.5410631258997	5.0132389299721	5.5393900122504	6.1247562592018	6.7741688327612	7.4921685283846	8.2826857575029	9.1486025030354	10.091146565410	11.109137780309	12.198199430532	13.349392571596	14.548199359530	15.773219635043
44.141235390936	-0.000000000000	0.1859263863900	0.3703993955141	0.5256880918308	0.6482788552418	0.7506832050487	0.8463830441584	0.9462003968438	1.0564943259496	1.1798048298316	1.3184285125213	1.4744670942156	1.6500334525582	1.8474910499157	2.0694854844420	2.3187640369154	2.5985444004939	2.9122052747061	3.2634115470576	3.6559857928822	4.0940490905893	4.5816334473147	5.1227328944295	5.7210441166493	6.3795470486749	7.1002248748723	7.8833951610930	8.7269972923712	9.6257101303608	10.569924616348
50.000000000000	-0.000000000000	0.0539644011587	0.1105395238995	0.1663601779613	0.2210825184423	0.2767823917231	0.3362608446072	0.4017913581390	0.4753175670262	0.5577224589584	0.6504133608659	0.7547023793965	0.8720081200039	1.0039302101150	1.1522395161666	1.3189078368294	1.5061214721729	1.7162864144358	1.9520103258166	2.2161524718006	2.5116952208947	2.8418615873485	3.2099374912310	3.6192170254063	4.0728367056100	4.5735220405580	5.1233365710702	5.7232033122973	6.3723805237693	7.0677605269002
