Multipole
50	#n_radial
4	#l_max
0	#unused
#Phi
#radius	l=0,m=0	l=1,m=-1	l=1,m=0	l=1,m=1	l=2,m=-2	l=2,m=-1	l=2,m=0	l=2,m=1	l=2,m=2	l=3,m=-3	l=3,m=-2	l=3,m=-1	l=3,m=0	l=3,m=1	l=3,m=2	l=3,m=3	l=4,m=-4	l=4,m=-3	l=4,m=-2	l=4,m=-1	l=4,m=0	l=4,m=1	l=4,m=2	l=4,m=3	l=4,m=4
0.0100000000000	-358989.92454441537848	0	0	0	0	0	-6.377104772562	0	0	0	0	0	0	0	0	0	0	0	0	0	0.0504897107854	0	0	0	0
0.0130709005487	-358922.29902574187145	0	0	0	0	0	-12.79556962358	0	0	0	0	0	0	0	0	0	0	0	0	0	0.0281925169406	0	0	0	0
0.0170848441153	-358809.75265312369447	0	0	0	0	0	-24.68989799321	0	0	0	0	0	0	0	0	0	0	0	0	0	-0.098334560498	0	0	0	0
0.0223314298321	-358623.46970898046857	0	0	0	0	0	-46.00516881295	0	0	0	0	0	0	0	0	0	0	0	0	0	-0.532428302724	0	0	0	0
0.0291891898445	-358318.37760944647016	0	0	0	0	0	-82.89681978522	0	0	0	0	0	0	0	0	0	0	0	0	0	-1.329700732495	0	0	0	0
0.0381528997554	-357825.87048718932783	0	0	0	0	0	-144.3410038921	0	0	0	0	0	0	0	0	0	0	0	0	0	-1.589545445857	0	0	0	0
0.0498692758346	-357040.25239896361018	0	0	0	0	0	-242.8583071187	0	0	0	0	0	0	0	0	0	0	0	0	0	-3.529471264808	0	0	0	0
0.0651836344869	-355816.87020468071569	0	0	0	0	0	-392.3976362633	0	0	0	0	0	0	0	0	0	0	0	0	0	-7.374055357938	0	0	0	0
0.0852008803779	-353967.05393379862653	0	0	0	0	0	-604.9336050950	0	0	0	0	0	0	0	0	0	0	0	0	0	-14.53922004640	0	0	0	0
0.1113652234079	-351266.08654730237322	0	0	0	0	0	-881.9493491084	0	0	0	0	0	0	0	0	0	0	0	0	0	-26.29270436953	0	0	0	0
0.1455643759746	-347474.68926699715666	0	0	0	0	0	-1204.711727672	0	0	0	0	0	0	0	0	0	0	0	0	0	-43.08288635165	0	0	0	0
0.1902657481793	-342373.98215972515754	0	0	0	0	0	-1531.735104353	0	0	0	0	0	0	0	0	0	0	0	0	0	-64.11077680861	0	0	0	0
0.2486944672271	-335810.97283928288380	0	0	0	0	0	-1810.743742136	0	0	0	0	0	0	0	0	0	0	0	0	0	-85.62471234398	0	0	0	0
0.3250660648130	-327736.97691557230428	0	0	0	0	0	-1996.321566709	0	0	0	0	0	0	0	0	0	0	0	0	0	-104.1016268934	0	0	0	0
0.4248906204920	-318227.88514874671819	0	0	0	0	0	-2057.107146833	0	0	0	0	0	0	0	0	0	0	0	0	0	-117.9871615854	0	0	0	0
0.5553703044515	-307489.23436492611654	0	0	0	0	0	-1979.444552664	0	0	0	0	0	0	0	0	0	0	0	0	0	-126.4683056981	0	0	0	0
0.7259190017171	-295841.23547842010157	0	0	0	0	0	-1768.021666263	0	0	0	0	0	0	0	0	0	0	0	0	0	-128.6503298449	0	0	0	0
0.9488415077837	-283686.47201020049397	0	0	0	0	0	-1446.411855665	0	0	0	0	0	0	0	0	0	0	0	0	0	-123.1586721703	0	0	0	0
1.2402212984694	-271460.33359627722530	0	0	0	0	0	-1053.820213165	0	0	0	0	0	0	0	0	0	0	0	0	0	-109.3282045223	0	0	0	0
1.6210809250640	-259558.23239417662262	0	0	0	0	0	-638.7163038161	0	0	0	0	0	0	0	0	0	0	0	0	0	-87.52853699303	0	0	0	0
2.1188987552862	-248256.59823059456539	0	0	0	0	0	-234.8426508288	0	0	0	0	0	0	0	0	0	0	0	0	0	-65.37893905463	0	0	0	0
2.7695914903054	-237670.90665767149767	0	0	0	0	0	152.05442509964	0	0	0	0	0	0	0	0	0	0	0	0	0	-48.11077819064	0	0	0	0
3.6201054930233	-227729.41289449553005	0	0	0	0	0	523.37750577718	0	0	0	0	0	0	0	0	0	0	0	0	0	-40.01369940668	0	0	0	0
4.7318038875014	-218173.75458282115869	0	0	0	0	0	882.08009000655	0	0	0	0	0	0	0	0	0	0	0	0	0	-43.12618257721	0	0	0	0
6.1848938029356	-208587.92466017892002	0	0	0	0	0	1236.9550850397	0	0	0	0	0	0	0	0	0	0	0	0	0	-55.15202293060	0	0	0	0
8.0842131802276	-198496.49562342764693	0	0	0	0	0	1587.6388414895	0	0	0	0	0	0	0	0	0	0	0	0	0	-68.23400647802	0	0	0	0
10.566794649303	-187466.21833460297785	0	0	0	0	0	1918.6675531639	0	0	0	0	0	0	0	0	0	0	0	0	0	-74.87989789038	0	0	0	0
13.811752197929	-175174.19187176754349	0	0	0	0	0	2205.1919232653	0	0	0	0	0	0	0	0	0	0	0	0	0	-72.83409622271	0	0	0	0
18.053203938205	-161464.09600408436381	0	0	0	0	0	2418.9889419289	0	0	0	0	0	0	0	0	0	0	0	0	0	-63.43065784360	0	0	0	0
23.597163326119	-146376.36158217152115	0	0	0	0	0	2530.2066091808	0	0	0	0	0	0	0	0	0	0	0	0	0	-56.65848301204	0	0	0	0
30.843617506651	-130178.26292989196372	0	0	0	0	0	2513.1032133615	0	0	0	0	0	0	0	0	0	0	0	0	0	-55.49210489794	0	0	0	0
40.315385699075	-113348.49758102139458	0	0	0	0	0	2357.3467438385	0	0	0	0	0	0	0	0	0	0	0	0	0	-55.35459500712	0	0	0	0
52.695839705401	-96511.740886995758046	0	0	0	0	0	2074.7372318120	0	0	0	0	0	0	0	0	0	0	0	0	0	-52.87572589901	0	0	0	0
68.878208011812	-80349.889808620966505	0	0	0	0	0	1704.9088303277	0	0	0	0	0	0	0	0	0	0	0	0	0	-46.87976383316	0	0	0	0
90.030020689322	-65482.798285336386471	0	0	0	0	0	1303.7745305969	0	0	0	0	0	0	0	0	0	0	0	0	0	-38.59465457833	0	0	0	0
117.67734468251	-52363.588927757875354	0	0	0	0	0	925.83423462007	0	0	0	0	0	0	0	0	0	0	0	0	0	-29.28474655591	0	0	0	0
153.81488691771	-41222.928273795194400	0	0	0	0	0	610.37175314920	0	0	0	0	0	0	0	0	0	0	0	0	0	-20.53271165315	0	0	0	0
201.04990898068	-32071.993558317208226	0	0	0	0	0	374.19583327010	0	0	0	0	0	0	0	0	0	0	0	0	0	-13.39216957171	0	0	0	0
262.79033656062	-24753.559034802041424	0	0	0	0	0	213.83550853072	0	0	0	0	0	0	0	0	0	0	0	0	0	-8.073907486791	0	0	0	0
343.49063543363	-19013.816281002586038	0	0	0	0	0	114.05364365477	0	0	0	0	0	0	0	0	0	0	0	0	0	-4.336700995578	0	0	0	0
448.97319351535	-14568.977132602038182	0	0	0	0	0	57.062392973885	0	0	0	0	0	0	0	0	0	0	0	0	0	-2.013495074746	0	0	0	0
586.84839614594	-11151.405702466829098	0	0	0	0	0	27.132101231445	0	0	0	0	0	0	0	0	0	0	0	0	0	-0.808008018692	0	0	0	0
767.06370231720	-8532.4364400003360061	0	0	0	0	0	12.472331620079	0	0	0	0	0	0	0	0	0	0	0	0	0	-0.284536303063	0	0	0	0
1002.6213367485	-6527.9375233708851738	0	0	0	0	0	5.6332928852707	0	0	0	0	0	0	0	0	0	0	0	0	0	-0.088273739056	0	0	0	0
1310.5163780618	-4994.2635649723952156	0	0	0	0	0	2.5274601568473	0	0	0	0	0	0	0	0	0	0	0	0	0	-0.024859278182	0	0	0	0
1712.9629245053	-3820.9030414861531426	0	0	0	0	0	1.1320965351223	0	0	0	0	0	0	0	0	0	0	0	0	0	-0.006643879379	0	0	0	0
2238.9968029773	-2923.2133250539418441	0	0	0	0	0	0.5069621892719	0	0	0	0	0	0	0	0	0	0	0	0	0	-0.001746335929	0	0	0	0
2926.5704540514	-2236.4284040787661070	0	0	0	0	0	0.2270174989421	0	0	0	0	0	0	0	0	0	0	0	0	0	-4.578044360e-4	0	0	0	0
3825.2911353591	-1710.9979497996389455	0	0	0	0	0	0.1016582916706	0	0	0	0	0	0	0	0	0	0	0	0	0	-1.199925758e-4	0	0	0	0
5000.0000000000	-1309.0130579975023011	0	0	0	0	0	0.0455225179803	0	0	0	0	0	0	0	0	0	0	0	0	0	-3.145045651e-5	0	0	0	0

#dPhi/dr
#radius	l=0,m=0	l=1,m=-1	l=1,m=0	l=1,m=1	l=2,m=-2	l=2,m=-1	l=2,m=0	l=2,m=1	l=2,m=2	l=3,m=-3	l=3,m=-2	l=3,m=-1	l=3,m=0	l=3,m=1	l=3,m=2	l=3,m=3	l=4,m=-4	l=4,m=-3	l=4,m=-2	l=4,m=-1	l=4,m=0	l=4,m=1	l=4,m=2	l=4,m=3	l=4,m=4
0.0100000000000	19347.2061306205723668	0	0	0	0	0	-1703.021336155	0	0	0	0	0	0	0	0	0	0	0	0	0	-0.030153055584	0	0	0	0
0.0130709005487	24669.6042621576743841	0	0	0	0	0	-2472.845905080	0	0	0	0	0	0	0	0	0	0	0	0	0	-15.89267512046	0	0	0	0
0.0170848441153	31348.7345429005654296	0	0	0	0	0	-3448.752292818	0	0	0	0	0	0	0	0	0	0	0	0	0	-47.38051591090	0	0	0	0
0.0223314298321	39571.3685084112876211	0	0	0	0	0	-4662.371598105	0	0	0	0	0	0	0	0	0	0	0	0	0	-133.0574970968	0	0	0	0
0.0291891898445	49173.9839135800284566	0	0	0	0	0	-6055.752866104	0	0	0	0	0	0	0	0	0	0	0	0	0	-33.73335065074	0	0	0	0
0.0381528997554	60537.3168253158146399	0	0	0	0	0	-7605.860232586	0	0	0	0	0	0	0	0	0	0	0	0	0	-100.7360076975	0	0	0	0
0.0498692758346	73125.4979158637870569	0	0	0	0	0	-9110.854256745	0	0	0	0	0	0	0	0	0	0	0	0	0	-203.4324095911	0	0	0	0
0.0651836344869	86026.3496064843202475	0	0	0	0	0	-10286.69194065	0	0	0	0	0	0	0	0	0	0	0	0	0	-301.8383188908	0	0	0	0
0.0852008803779	97986.2183461860840907	0	0	0	0	0	-10777.52473158	0	0	0	0	0	0	0	0	0	0	0	0	0	-405.4606378759	0	0	0	0
0.1113652234079	107518.605508939566789	0	0	0	0	0	-10229.52283409	0	0	0	0	0	0	0	0	0	0	0	0	0	-480.8929268762	0	0	0	0
0.1455643759746	113215.585056689189514	0	0	0	0	0	-8548.814510009	0	0	0	0	0	0	0	0	0	0	0	0	0	-491.2724580931	0	0	0	0
0.1902657481793	114107.232218435718096	0	0	0	0	0	-6119.572958092	0	0	0	0	0	0	0	0	0	0	0	0	0	-437.1378386976	0	0	0	0
0.2486944672271	109911.210916469979566	0	0	0	0	0	-3581.184977372	0	0	0	0	0	0	0	0	0	0	0	0	0	-301.5936294722	0	0	0	0
0.3250660648130	101261.708185576018877	0	0	0	0	0	-1461.573082625	0	0	0	0	0	0	0	0	0	0	0	0	0	-190.1879149907	0	0	0	0
0.4248906204920	89363.9246838708641008	0	0	0	0	0	68.651196619962	0	0	0	0	0	0	0	0	0	0	0	0	0	-98.17136916261	0	0	0	0
0.5553703044515	75673.6139867947495077	0	0	0	0	0	987.00147826403	0	0	0	0	0	0	0	0	0	0	0	0	0	-38.03150871911	0	0	0	0
0.7259190017171	61588.8267890483548399	0	0	0	0	0	1399.2096467539	0	0	0	0	0	0	0	0	0	0	0	0	0	8.5466113962767	0	0	0	0
0.9488415077837	48259.4510498182935407	0	0	0	0	0	1435.0440933827	0	0	0	0	0	0	0	0	0	0	0	0	0	35.765261563866	0	0	0	0
1.2402212984694	36496.6262188207838335	0	0	0	0	0	1240.5709407868	0	0	0	0	0	0	0	0	0	0	0	0	0	57.123399796731	0	0	0	0
1.6210809250640	26802.2774877984847990	0	0	0	0	0	949.42809192970	0	0	0	0	0	0	0	0	0	0	0	0	0	53.144031112322	0	0	0	0
2.1188987552862	19293.3371847318412620	0	0	0	0	0	696.69046002482	0	0	0	0	0	0	0	0	0	0	0	0	0	35.971562940960	0	0	0	0
2.7695914903054	13799.6943757402768824	0	0	0	0	0	510.51187209101	0	0	0	0	0	0	0	0	0	0	0	0	0	18.014081671550	0	0	0	0
3.6201054930233	9995.92310929475934245	0	0	0	0	0	375.50581262474	0	0	0	0	0	0	0	0	0	0	0	0	0	2.5970957683794	0	0	0	0
4.7318038875014	7490.58476545408302627	0	0	0	0	0	280.54021995487	0	0	0	0	0	0	0	0	0	0	0	0	0	-6.659936033595	0	0	0	0
6.1848938029356	5892.84114177476476470	0	0	0	0	0	213.84939765626	0	0	0	0	0	0	0	0	0	0	0	0	0	-8.555859900656	0	0	0	0
8.0842131802276	4847.94141857757585967	0	0	0	0	0	159.10675184451	0	0	0	0	0	0	0	0	0	0	0	0	0	-4.936554756279	0	0	0	0
10.566794649303	4106.11492802704742644	0	0	0	0	0	110.73314640363	0	0	0	0	0	0	0	0	0	0	0	0	0	-0.790465730218	0	0	0	0
13.811752197929	3512.21092849035221661	0	0	0	0	0	68.928617112101	0	0	0	0	0	0	0	0	0	0	0	0	0	1.6607538247176	0	0	0	0
18.053203938205	2983.21430449478839364	0	0	0	0	0	34.666702636713	0	0	0	0	0	0	0	0	0	0	0	0	0	2.2081487669135	0	0	0	0
23.597163326119	2485.59181298781049918	0	0	0	0	0	7.9603019303148	0	0	0	0	0	0	0	0	0	0	0	0	0	0.4231238866137	0	0	0	0
30.843617506651	2010.65503666168615382	0	0	0	0	0	-10.44599277922	0	0	0	0	0	0	0	0	0	0	0	0	0	0.0359227794994	0	0	0	0
40.315385699075	1569.55605507806808419	0	0	0	0	0	-20.69660329448	0	0	0	0	0	0	0	0	0	0	0	0	0	0.0565780608616	0	0	0	0
52.695839705401	1177.13603798055919469	0	0	0	0	0	-23.73304851991	0	0	0	0	0	0	0	0	0	0	0	0	0	0.3241055572973	0	0	0	0
68.878208011812	846.082641436986818917	0	0	0	0	0	-21.42088683674	0	0	0	0	0	0	0	0	0	0	0	0	0	0.3902001837271	0	0	0	0
90.030020689322	582.780063942630135898	0	0	0	0	0	-16.49830943319	0	0	0	0	0	0	0	0	0	0	0	0	0	0.3778104881873	0	0	0	0
117.67734468251	385.507134642518394685	0	0	0	0	0	-11.15209247880	0	0	0	0	0	0	0	0	0	0	0	0	0	0.2943124391211	0	0	0	0
153.81488691771	245.953879979946009371	0	0	0	0	0	-6.717507521656	0	0	0	0	0	0	0	0	0	0	0	0	0	0.1949248593517	0	0	0	0
201.04990898068	152.260215535681822985	0	0	0	0	0	-3.647248703092	0	0	0	0	0	0	0	0	0	0	0	0	0	0.1155540180933	0	0	0	0
262.79033656062	92.1099876697124670955	0	0	0	0	0	-1.805601475940	0	0	0	0	0	0	0	0	0	0	0	0	0	0.0636828001220	0	0	0	0
343.49063543363	54.8465300108807625179	0	0	0	0	0	-0.820903560501	0	0	0	0	0	0	0	0	0	0	0	0	0	0.0326274887090	0	0	0	0
448.97319351535	32.3481156887948415601	0	0	0	0	0	-0.342020151939	0	0	0	0	0	0	0	0	0	0	0	0	0	0.0141298761171	0	0	0	0
586.84839614594	18.9864006069461694892	0	0	0	0	0	-0.131768501830	0	0	0	0	0	0	0	0	0	0	0	0	0	0.0050273053480	0	0	0	0
767.06370231720	11.1216939866264308279	0	0	0	0	0	-0.047866623728	0	0	0	0	0	0	0	0	0	0	0	0	0	0.0015377671555	0	0	0	0
1002.6213367485	6.51072786501935585335	0	0	0	0	0	-0.016772169838	0	0	0	0	0	0	0	0	0	0	0	0	0	4.0288547263e-4	0	0	0	0
1310.5163780618	3.81090574601796072685	0	0	0	0	0	-0.005781010807	0	0	0	0	0	0	0	0	0	0	0	0	0	9.2152693328e-5	0	0	0	0
1712.9629245053	2.23058109352663791469	0	0	0	0	0	-0.001982547385	0	0	0	0	0	0	0	0	0	0	0	0	0	1.9289589318e-5	0	0	0	0
2238.9968029773	1.30559066252856892376	0	0	0	0	0	-6.792691872e-4	0	0	0	0	0	0	0	0	0	0	0	0	0	3.8980433666e-6	0	0	0	0
2926.5704540514	0.76418061316115426518	0	0	0	0	0	-2.327135026e-4	0	0	0	0	0	0	0	0	0	0	0	0	0	7.8214076892e-7	0	0	0	0
3825.2911353591	0.44728568081583436333	0	0	0	0	0	-7.972592528e-5	0	0	0	0	0	0	0	0	0	0	0	0	0	1.5684105693e-7	0	0	0	0
5000.0000000000	0.26180261159938572613	0	0	0	0	0	-2.731351081e-5	0	0	0	0	0	0	0	0	0	0	0	0	0	3.1450449379e-8	0	0	0	0
